Timestamp start: 1747052047877
Timestamp end: 1747052888182

#type       avg     std     min      p5     p10     p50     p67     p75     p80     p85     p90     p95     p99    p999   p9999      QPS   target
read      218.9   227.3    80.4   130.2   144.0   188.0   207.1   217.6   226.6   236.0   254.2   310.5  1016.8  3350.0  7798.4   8216.3     8195
read      226.5   266.3    68.9   106.9   117.9   187.3   226.6   249.7   267.2   288.3   316.8   370.8   932.6  3490.6  7742.9 158515.5   158594
read      206.4   124.6    68.9   104.6   114.7   179.4   217.2   240.9   259.6   282.2   312.7   368.3   685.8  1379.3  2362.3 149723.9   149766
read      204.1   100.5    74.4   123.7   140.3   190.2   211.0   222.8   231.5   243.2   260.7   296.8   559.6  1309.2  2265.1  10400.4    10382
read      248.9   236.9    68.9   114.8   128.7   208.7   249.5   273.7   292.6   316.0   349.6   418.0  1375.1  3281.1  7048.8 170516.4   170548
read      214.1   133.6    63.8   106.6   117.3   184.9   224.2   249.1   268.5   292.5   326.2   392.0   716.8  1467.6  2547.7 150574.1   150565
read      204.4   116.9    63.8   102.9   112.5   177.0   216.6   241.6   261.1   284.7   315.8   373.7   648.6  1167.4  2194.0 137139.0   137144
read      207.0   135.8    68.9   103.8   113.8   179.0   217.3   241.2   259.9   282.4   312.3   366.4   696.9  1670.3  3085.7 143536.1   143496
read      208.9   149.2    63.8   104.1   114.2   180.6   219.2   243.4   262.2   284.7   314.6   368.3   671.3  1795.2  4073.6 144932.0   144743
read      201.6   111.2    68.9   100.2   109.3   174.6   218.4   245.4   265.6   289.1   318.9   373.4   547.3  1083.9  3072.5 116670.2   116745
read      203.7   124.3    63.8   101.7   110.9   175.4   216.2   241.8   261.7   285.1   315.9   372.6   641.6  1273.9  2826.9 129230.7   129314
read      208.0   142.3    63.8   104.2   114.3   179.5   217.4   241.1   259.7   282.1   312.2   366.3   741.2  1608.7  3242.7 144874.3   144723
read      205.7   119.4    63.8   100.8   110.0   176.3   220.9   248.8   269.5   293.9   327.0   390.9   609.9  1106.2  2722.3 117225.9   117379
read      210.1   186.5    68.9   102.1   111.4   177.6   220.1   246.9   267.2   291.2   322.1   386.9   679.2  1775.6  4886.1 119918.6   119931
read      210.6   153.2    68.9   103.1   112.9   179.7   220.7   246.5   266.0   289.4   319.9   378.2   727.8  1765.8  3729.6 132197.7   132052
read      217.4   176.9    68.9   105.5   115.9   184.2   224.0   248.5   267.4   290.2   320.6   381.7   862.8  2335.6  4936.5 143299.0   143350
read      212.1   146.3    63.8   104.7   115.0   181.9   221.4   246.0   265.0   288.1   318.8   377.1   753.9  1752.4  3251.4 143244.9   143518
read      224.5   154.9    68.9   113.2   126.0   198.1   235.5   259.3   276.6   298.9   330.4   386.6   657.7  1918.1  3693.9 173055.4   172981
read      234.9   213.8    63.8   101.7   111.2   190.6   243.9   274.6   298.4   330.9   381.3   462.6   898.2  2858.5  7013.6  94153.7    94027
read      224.1   176.6    63.8   111.6   123.6   195.1   233.2   256.6   273.8   295.3   324.9   378.9   736.3  2516.4  4476.7 170038.9   170019
read      227.9   152.7    63.8   115.7   129.1   202.4   239.9   263.4   280.8   302.7   333.5   388.3   643.3  1910.2  4276.9 178959.1   179090
read      243.8   161.9    68.9   102.9   113.5   219.3   268.0   295.9   315.9   339.4   371.3   425.7   885.1  1728.7  3831.7  46953.0    47130
read      218.1   112.2    74.4   112.2   127.7   208.2   237.4   253.5   265.4   278.7   296.3   328.7   515.7  1358.6  2714.2  19492.5    19439
read      229.7   245.2    68.9   102.5   112.2   183.1   227.9   254.3   273.4   296.1   328.3   397.3  1381.8  3248.5  7276.4 129067.7   128963
read      225.4   125.6    74.4   110.6   124.6   213.1   246.6   265.0   277.6   293.0   313.8   351.7   594.3  1447.0  4224.9  23706.4    23787
read      256.7   196.4    68.9   101.4   111.3   220.9   281.1   316.6   341.9   372.7   408.6   471.8  1037.3  2243.9  4037.2  61735.5    61848
read      213.9   165.7    63.8   100.0   109.0   179.6   227.5   255.1   274.9   298.4   331.2   397.2   704.0  2253.4  3984.6 101958.0   101968
read      203.9   122.7    68.9   100.7   109.5   176.3   222.1   249.1   268.4   290.6   318.4   369.5   549.5  1529.3  2676.8 108836.8   108767
read      282.0   309.7    68.9   105.0   115.8   207.8   274.2   324.7   364.8   408.2   461.9   566.4  1642.4  3561.8  7643.9  97143.3    97139
read      215.6   166.3    68.9   107.1   117.8   185.2   224.1   248.0   266.3   288.7   318.8   375.3   714.3  2093.4  4490.1 158766.6   158594
read      211.0   145.3    63.8   104.7   114.7   181.3   221.7   246.9   266.2   289.4   320.0   379.1   676.7  1699.4  3581.5 141170.3   141240
read      227.1   128.5    68.9   103.9   114.8   212.8   255.5   279.0   294.9   313.2   336.6   377.3   583.9  1355.0  4059.9  41427.6    41405
read      238.7   160.6    68.9   100.7   110.5   214.5   266.6   295.9   316.3   339.7   370.8   421.4   795.5  1723.6  3848.2  58072.5    57997
read      218.7   227.3    68.9   102.4   112.0   178.9   219.3   243.7   262.3   284.5   314.4   372.3  1119.6  3154.5  6983.8 133629.5   133577
read      232.9   134.5    63.8   101.1   111.1   213.7   262.5   290.1   309.4   331.5   360.2   404.3   700.0  1466.6  2401.1  53933.3    53832
read      222.3   204.1    63.8   104.1   114.1   182.8   224.0   248.6   267.3   290.2   320.8   387.9  1269.7  2486.6  5493.4 139594.2   139832
read      214.1   144.4    63.8   110.6   122.2   190.0   225.9   247.9   264.8   285.5   313.6   363.2   565.8  1972.0  3771.7 170794.9   170515
read      199.3   121.3    63.8   101.4   110.4   173.4   214.0   238.7   257.9   279.9   308.1   353.2   541.1  1437.3  3087.8 128709.2   128494
read      206.9   102.2    74.4   110.0   123.8   199.5   226.5   240.2   250.5   262.9   278.1   306.7   447.1  1178.8  3670.6  20779.8    20789
read      243.0   159.4    68.9   100.8   110.7   216.0   271.3   303.5   325.4   350.8   385.5   436.2   857.0  1718.2  2821.7  63657.6    63647
read      245.5   170.4    68.9   100.5   110.4   216.3   272.5   304.9   327.5   354.1   388.8   444.9   908.1  1873.9  3949.9  65055.2    64802
read      238.7   148.0    68.9   101.2   111.3   216.8   268.3   297.2   317.2   340.3   370.7   421.0   760.2  1529.0  2968.3  55662.8    55719
read      237.6   211.5    68.9   115.0   128.6   205.2   244.3   267.8   285.7   308.3   340.4   400.2   864.6  3199.0  6162.6 174200.7   174179
read      201.7   112.5    68.9   100.2   109.0   175.8   221.9   248.9   268.0   289.7   316.9   366.3   526.7  1182.1  2770.0 106180.2   106356
read      224.3   143.7    63.8   114.4   127.6   199.7   237.2   261.0   278.6   301.0   332.4   387.8   585.5  1951.5  4285.2 178640.8   178750
read      200.6   113.8    68.9   100.3   109.0   175.1   220.8   247.7   266.7   287.9   314.7   360.7   508.4  1205.0  2737.5 105878.2   105831
read      197.2   104.4    68.9    99.5   108.1   172.2   216.6   243.4   262.6   284.0   310.6   353.6   498.5  1186.7  2273.2 110558.2   110667
read      187.6    76.6    80.4   124.8   138.4   178.5   195.0   204.7   212.7   222.0   234.4   259.3   398.1   997.6  2339.0   8835.5     8803
read      227.4   148.6    68.9   101.8   112.1   210.8   253.4   277.4   294.2   313.6   338.3   381.2   651.3  1709.4  4179.2  45678.2    45662
read      217.2   117.3    68.9   104.2   115.7   208.0   242.6   261.0   273.2   288.3   307.4   339.4   520.5  1357.8  3537.5  30818.7    30867
read      229.4   141.0    63.8   101.4   112.0   213.2   258.6   283.4   300.0   318.5   342.8   386.6   629.7  1499.5  5136.7  45701.5    45656
read      205.9   127.5    68.9    99.6   108.5   179.1   227.4   254.7   273.6   295.5   323.7   376.2   534.8  1326.5  3109.4 100767.2   100938
read      201.3   114.4    68.9   101.9   111.2   175.4   215.8   241.1   260.4   282.9   311.9   361.3   573.1  1275.1  2585.8 132392.1   132360
read      238.7   161.6    63.8    99.2   108.9   211.6   266.4   297.4   319.7   345.7   381.4   435.4   816.4  1770.3  2986.1  67655.8    67591
read      221.8   111.1    68.9   103.8   115.2   211.1   249.2   269.1   283.1   298.7   319.5   358.6   548.3  1261.6  2859.9  33990.7    33910
read      252.0   226.5    68.9   100.4   110.3   204.0   266.7   304.6   332.3   365.3   406.8   479.4  1182.3  2708.3  6726.5  85652.9    85729
read      197.8    89.4    68.9   116.7   134.0   189.1   210.0   221.8   230.3   240.8   255.5   286.6   425.2  1069.0  2172.7  12831.7    12884
read      229.0   139.7    68.9   101.8   112.2   212.7   257.2   281.5   298.1   317.2   341.6   386.3   634.1  1589.8  3991.9  45610.0    45621
read      222.2   136.0    68.9   103.0   114.0   210.4   249.1   269.8   284.2   300.2   320.0   356.8   555.5  1502.7  5712.1  36933.7    36938
read      234.0   154.2    68.9    99.7   109.3   211.8   260.9   288.8   308.5   331.0   360.5   410.9   787.1  1735.1  3761.2  56820.0    56902
read      206.1   142.3    63.8    99.4   108.1   176.6   225.3   253.4   272.8   295.1   323.5   377.4   561.8  1574.7  4559.8 102224.8   102243
read      197.2    82.0    74.4   114.2   131.5   190.3   211.6   223.4   231.5   241.7   255.0   280.1   396.5  1066.5  2756.0  14073.3    14085
read      245.9   202.2    63.8    99.6   109.5   198.1   262.5   303.4   333.0   367.6   409.9   478.2  1060.2  2295.2  4625.8  94114.2    94103
read      252.8   314.3    68.9   100.9   110.9   216.5   268.3   297.5   318.0   342.0   374.9   435.0   962.1  4618.1 10118.5  58168.0    58175
read      218.9   189.8    68.9   105.3   115.6   183.2   222.8   246.9   265.7   288.6   319.5   382.5  1038.2  2580.9  4753.8 151432.4   151312
read      238.6   180.0    63.8   100.8   110.4   201.8   260.4   293.5   318.2   348.0   390.2   457.3   856.8  1843.6  4714.6  83358.1    83333
read      225.4   198.1    63.8   109.7   120.8   190.9   229.6   253.1   271.5   294.4   327.2   391.2   923.7  2941.2  5444.4 165030.8   165153
read      204.0   148.5    63.8   100.4   109.4   172.8   215.5   242.2   262.0   285.0   314.5   369.1   651.0  1944.1  4076.0 124183.8   123975
read      223.1   121.7    68.9   105.4   117.7   211.3   246.8   266.4   280.3   296.5   319.1   360.9   541.5  1463.6  3162.2  28384.6    28449
read      204.4    94.7    74.4   113.1   130.5   196.8   221.7   234.3   244.6   255.9   272.1   298.9   413.1   920.0  3614.1  14908.3    14903
read      230.0   187.1    68.9   106.0   117.6   208.5   242.8   262.7   276.8   294.8   319.0   367.1   856.0  2558.1  7061.6  31203.8    31189
read      194.1    70.5    68.9   105.2   115.0   196.5   222.0   233.5   242.3   252.0   265.4   285.8   337.1   470.4  1675.5  40641.8    40636
read      192.5    80.1    63.8    98.6   107.1   180.6   226.5   247.0   260.0   273.3   290.6   315.8   376.8   538.6  1727.3  80467.6    80574
read      194.3    81.6    63.8   106.9   116.9   176.4   210.5   231.9   248.8   269.0   294.5   334.7   429.9   688.1  1680.6 168815.8   168820
read      194.7    88.5    68.9   105.9   115.7   175.6   210.9   233.2   250.8   271.4   297.2   338.4   435.9   683.2  2164.9 162713.4   162621
read      192.3    90.3    63.8    98.9   107.3   173.0   219.9   244.9   261.1   277.7   297.4   329.6   420.1   636.6  2211.3 101625.0   101621
read      198.7    78.5    68.9   101.9   111.1   196.6   232.5   248.3   258.8   270.5   286.3   311.9   390.3   557.0  1301.3  58616.1    58592
read      196.5    96.6    68.9   104.7   114.3   175.3   213.2   237.1   255.8   277.2   304.6   345.9   458.9   705.5  2387.0 152940.7   153042
read      191.8    95.1    68.9    99.6   108.0   170.9   215.8   242.1   259.7   278.0   300.0   334.6   429.6   633.2  1910.1 112236.2   112238
read      193.7    91.4    68.9   105.6   115.1   174.4   209.7   232.2   249.8   270.6   296.4   336.8   434.2   682.6  2279.5 160406.0   160265
read      197.3    84.7    68.9   101.9   111.1   195.7   230.6   246.0   256.0   267.9   282.6   306.0   366.5   553.3  2437.9  57110.9    57109
read      191.2    83.3    63.8    98.1   106.4   176.3   223.3   245.5   259.5   273.7   292.0   318.2   387.5   542.1  2072.7  88591.7    88551
read      179.4    62.4    74.4   126.9   138.7   174.6   187.1   195.4   200.6   208.8   218.3   236.9   296.2   851.0  2899.8   8419.5     8385
read      191.8    69.5    63.8   107.2   117.6   193.2   215.8   227.3   234.6   244.8   256.1   274.8   322.8   509.6  2564.4  34021.9    34088
