Timestamp start: 1747218116063
Timestamp end: 1747218956370

#type       avg     std     min      p5     p10     p50     p67     p75     p80     p85     p90     p95     p99    p999   p9999      QPS   target
read      202.8   133.9    68.9   109.0   126.7   189.3   210.4   222.3   231.0   242.0   257.0   288.3   773.3  1398.5  7086.6   8055.5     8195
read      412.5   587.9    74.4   162.6   186.0   304.0   354.0   383.8   406.0   435.6   480.3   595.0  3423.5  6384.3  8037.6 157675.0   158594
read      259.7   225.4    68.9   120.2   135.8   226.0   270.0   295.2   314.3   337.6   369.0   427.4  1184.6  2914.3  6977.8 150007.5   149766
read      201.8   176.5    63.8   108.9   124.5   187.2   208.5   220.6   229.6   240.2   254.5   280.0   561.3  2830.3  7238.6  10331.5    10382
read      397.1   449.3    68.9   164.8   189.5   307.1   358.2   389.9   414.4   446.5   496.7   875.4  3039.6  4510.9  7947.9 170163.0   170548
read      250.8   176.8    68.9   119.4   135.4   223.1   265.9   291.4   310.8   334.5   367.0   423.9   833.6  2310.4  4429.4 150431.5   150565
read      222.3   143.9    68.9   107.2   118.7   194.0   236.6   263.3   282.6   305.6   335.7   387.5   764.3  1743.6  2917.7 137073.0   137144
read      225.7   155.9    63.8   109.1   120.9   197.1   239.6   265.6   284.6   307.3   337.2   387.9   718.6  2200.6  2858.9 143219.0   143496
read      225.3   145.7    63.8   109.7   121.6   198.0   240.5   266.6   285.8   308.8   338.6   388.3   680.1  1962.6  2858.0 144720.0   144743
read      216.3   150.1    63.8   102.4   112.5   186.5   234.0   262.5   282.4   305.6   334.9   383.6   647.8  2092.4  3572.6 117148.0   116745
read      219.5   153.5    68.9   104.8   115.7   190.5   234.8   262.3   281.8   305.3   334.8   383.4   661.7  1974.2  3156.0 129101.0   129314
read      225.0   152.8    63.8   109.4   121.1   197.1   239.5   265.6   284.8   307.7   337.6   387.1   689.2  1928.0  3850.1 144785.0   144723
read      216.9   145.3    63.8   102.8   113.0   187.7   234.8   263.0   283.2   306.9   336.6   385.6   651.2  1821.3  3681.4 117217.0   117379
read      219.6   151.7    63.8   103.8   114.2   189.1   235.6   263.7   283.7   307.2   337.2   386.6   716.8  2059.9  2547.8 119919.5   119931
read      217.7   152.3    63.8   105.0   115.9   189.7   233.6   260.2   279.4   302.6   332.1   378.9   639.4  1958.4  4193.7 131896.5   132052
read      226.6   190.2    63.8   109.0   120.6   196.5   239.4   265.9   285.3   308.4   338.1   386.7   637.0  3122.4  5073.1 143838.5   143350
read      226.8   173.6    68.9   109.4   121.2   196.6   239.0   265.4   284.8   307.8   337.9   387.3   733.2  2451.0  4192.4 143652.5   143518
read      293.5   212.7    68.9   135.1   154.4   259.5   314.8   349.5   376.0   407.4   447.3   504.6   692.8  2964.5  6168.1 173170.0   172981
read      280.8   354.1    68.9   104.2   115.5   208.5   267.1   301.5   329.0   367.6   430.4   572.8  1761.8  4678.3  7764.2  93970.5    94027
read      331.2   366.1    68.9   141.6   162.9   280.5   333.2   363.1   385.3   412.2   449.6   514.8  2179.4  4413.2  7928.3 170180.0   170019
read      282.1   162.3    68.9   133.2   152.9   257.7   309.8   339.8   362.2   388.6   422.8   473.4   650.9  2034.8  3760.6 178857.0   179090
read      249.3   167.7    68.9   101.7   112.5   226.8   275.1   302.8   323.9   350.3   385.2   441.5   880.6  1897.9  3403.4  47023.0    47130
read      237.9   123.7    63.8   108.8   126.6   225.6   262.2   281.5   295.3   312.6   334.7   371.2   681.3  1474.6  1969.4  19468.0    19439
read      389.3   543.3    68.9   121.9   141.4   262.0   317.3   350.3   377.7   419.8   514.7  1393.4  3348.8  5319.7  8004.5 128814.5   128963
read      241.3   130.3    63.8   107.1   123.2   227.3   266.3   287.6   303.1   321.1   345.7   389.6   713.5  1480.4  2214.3  23758.0    23787
read      302.1   285.1    68.9   102.9   114.7   242.9   317.5   360.2   390.2   425.4   477.4   603.1  1626.3  2789.6  7350.3  61659.5    61848
read      359.1   476.0    68.9   111.2   125.6   230.4   293.1   335.8   376.3   457.1   643.7  1141.2  2662.0  4984.2  7967.1 102033.5   101968
read      223.3   150.1    68.9   104.5   115.0   194.1   243.3   271.9   292.0   315.2   344.9   396.1   690.3  1915.1  3882.1 108849.0   108767
read      310.4   407.6    68.9   106.8   119.0   216.2   274.3   311.5   342.0   389.8   493.5   754.1  2353.2  4565.8  7877.0  97621.0    97139
read      302.0   312.4    68.9   128.7   147.3   252.4   304.1   336.3   361.9   394.0   437.5   512.3  1541.7  3620.8  7417.4 158845.0   158594
read      236.1   182.3    63.8   111.5   124.5   206.7   251.4   277.8   297.0   320.2   352.3   408.3   693.3  2616.7  5392.8 141446.0   141240
read      259.4   160.6    68.9   103.3   115.7   238.1   288.5   316.8   338.6   365.1   398.8   457.0   894.9  1728.1  3318.1  41690.0    41405
read      290.4   230.1    63.8   101.4   113.0   244.2   316.3   357.0   386.2   419.8   467.8   580.5  1307.7  2344.2  3697.3  58010.5    57997
read      368.3   470.7    68.9   122.1   141.1   258.5   314.4   347.3   374.7   415.4   497.4  1331.2  2720.9  4418.1  7921.5 133462.5   133577
read      265.5   189.3    68.9   101.8   112.7   234.1   292.0   326.1   351.1   381.5   422.3   504.1  1013.1  1912.9  4305.9  54034.0    53832
read      371.2   539.1    68.9   128.3   148.8   267.7   321.0   351.2   373.4   401.9   449.8   774.3  3348.0  6224.9  8025.0 140043.0   139832
read      294.0   197.2    63.8   137.6   157.0   261.7   315.4   349.0   374.8   405.4   445.1   504.6   744.6  2707.3  6172.1 170582.0   170515
read      230.0   163.6    63.8   107.2   118.9   198.1   244.0   271.1   291.0   314.7   345.9   402.2   895.4  2014.8  3513.3 128529.0   128494
read      235.0   122.6    68.9   108.2   124.9   221.9   256.2   276.3   291.8   309.4   331.7   369.8   698.6  1621.1  3081.6  20721.0    20789
read      295.4   260.8    68.9   101.8   113.3   238.3   314.7   358.5   389.9   426.4   481.2   599.4  1516.1  2470.2  7157.6  63912.0    63647
read      298.3   273.2    68.9   102.8   114.6   238.6   316.6   362.3   393.8   429.3   480.9   585.6  1556.6  2719.7  6379.6  64260.5    64802
read      276.9   192.9    63.8   100.7   112.1   241.3   309.5   347.8   375.3   405.9   447.2   534.0  1094.7  1772.0  3223.2  55559.0    55719
read      394.2   389.8    74.4   168.8   193.7   317.1   367.6   397.6   421.6   452.6   500.5   938.2  2090.7  3922.5  7756.3 174230.5   174179
read      221.1   135.5    68.9   105.1   116.2   196.6   242.7   269.7   289.2   312.1   341.3   390.8   602.9  1794.8  3334.6 106326.5   106356
read      309.5   222.8    74.4   147.5   169.6   278.8   333.0   366.6   391.9   422.2   460.6   516.7   678.3  3191.6  6806.4 178163.0   178750
read      218.4   118.5    68.9   103.1   113.5   192.1   241.5   270.6   291.4   315.1   345.0   397.4   622.2  1227.2  2407.0 105882.5   105831
read      215.3   108.8    68.9   102.6   113.0   189.6   238.2   267.6   288.5   312.7   343.0   393.5   601.5  1043.3  1411.9 110365.5   110667
read      204.9   129.4    68.9   111.4   128.2   192.0   215.3   228.6   237.9   250.5   268.1   296.3   618.6  1532.2  5648.5   8768.5     8803
read      285.1   229.5    68.9   102.3   114.5   243.9   305.7   340.2   365.5   394.9   434.2   538.4  1300.7  2343.0  3832.1  45882.0    45662
read      260.0   153.4    68.9   105.1   119.6   240.2   289.4   315.7   334.4   356.3   386.1   437.0   879.4  1611.7  2166.9  31099.0    30867
read      283.5   226.2    63.8   102.1   114.2   246.0   308.5   341.9   366.0   394.2   432.7   527.5  1256.4  2225.1  6408.0  45555.5    45656
read      343.3   442.1    68.9   110.6   124.5   229.2   291.5   334.9   376.4   456.1   610.8   994.0  2347.9  5294.9  7882.1 100925.5   100938
read      224.8   133.9    68.9   108.3   119.8   197.0   240.6   267.4   287.1   310.6   341.2   395.1   807.0  1447.9  1847.6 132929.5   132360
read      268.1   252.9    63.8   101.7   112.5   223.2   287.6   324.2   352.5   388.0   433.6   528.0  1130.7  2390.0 11103.6  67598.0    67591
read      269.3   233.6    68.9   104.8   119.0   236.5   286.9   315.4   335.8   360.7   394.8   467.7  1093.4  3027.7  6943.9  33965.5    33910
read      343.8   436.1    68.9   106.2   119.3   231.6   315.8   380.9   425.7   482.1   561.0   812.0  2497.3  4570.7  7986.5  85523.5    85729
read      221.2   118.7    68.9   111.5   130.3   207.8   235.0   251.6   263.4   275.8   295.4   333.0   687.4  1480.9  2511.1  12879.0    12884
read      285.0   277.2    63.8   102.2   114.4   241.7   301.9   336.4   361.0   390.5   429.8   536.2  1356.5  2476.6 11285.4  45633.0    45621
read      265.3   169.9    68.9   103.5   116.6   242.3   295.8   324.8   344.9   369.0   399.8   458.5   986.8  1803.2  2832.0  37252.0    36938
read      287.2   248.8    68.9   101.8   113.1   239.6   307.4   346.4   374.0   406.6   452.7   562.8  1374.5  2614.0  7059.7  56947.5    56902
read      355.9   433.6    63.8   112.8   128.1   232.3   311.2   385.1   451.5   533.8   639.8   946.6  2204.8  4998.7  7976.4 101934.0   102243
read      215.1    80.4    74.4   112.1   130.5   210.9   238.0   253.7   265.7   278.9   295.5   321.0   384.6   972.5  1720.4  13994.5    14085
read      282.0   216.6    68.9   105.9   118.0   213.7   291.5   363.5   414.3   467.7   532.7   623.8   915.0  2369.5  3973.3  94229.5    94103
read      255.7   145.2    63.8   100.6   111.6   233.7   300.2   336.1   360.8   388.2   420.7   469.7   582.3  1776.1  2674.3  58293.0    58175
read      419.6   609.1    68.9   153.4   175.9   288.9   337.1   366.5   390.4   422.9   478.4  1274.1  3422.4  6560.6  8087.7 151685.0   151312
read      320.7   474.4    63.8   105.4   118.3   223.8   298.7   354.3   396.3   444.5   515.5   673.1  1915.6  7021.7 12938.3  83365.0    83333
read      292.8   251.4    68.9   132.5   151.2   252.8   302.7   332.5   354.9   382.7   420.7   488.1  1400.9  3435.3  7076.3 165312.5   165153
read      223.4   151.1    63.8   105.8   116.9   194.1   239.9   267.5   287.5   310.9   340.8   392.2   731.9  1846.6  3399.2 124274.5   123975
read      244.5   139.4    59.1   105.0   119.6   228.3   269.9   293.5   310.6   330.6   357.0   399.9   731.4  1631.5  2628.5  28472.0    28449
read      219.7   115.3    68.9   109.9   127.7   209.2   239.2   256.2   268.2   282.0   299.3   332.0   547.4  1284.6  2527.9  14979.0    14903
read      250.6   141.7    63.8   103.6   117.5   234.6   282.2   307.2   324.2   343.9   371.5   417.1   689.2  1702.3  2857.9  31289.5    31189
read      265.5   205.1    63.8   101.5   113.7   234.2   286.9   316.7   338.5   364.4   398.5   469.4  1136.8  2321.5  5738.2  40513.0    40636
read      307.8   362.8    63.8   104.1   116.3   223.0   298.7   351.2   391.2   436.2   505.6   665.3  1786.5  4388.0  7858.6  80487.5    80574
read      360.8   337.8    74.4   155.9   179.2   297.5   350.3   382.5   407.1   438.9   486.2   607.6  1828.2  3723.7  7540.5 168830.5   168820
read      263.2   152.8    63.8   127.8   144.6   238.7   285.2   312.1   332.1   356.5   388.9   441.7   659.6  2084.3  2679.8 162778.5   162621
read      216.9   127.7    68.9   102.0   112.1   190.2   241.6   270.8   290.8   313.2   341.3   386.4   544.4  1677.7  2216.8 101755.5   101621
read      278.8   244.4    63.8   100.5   111.6   234.3   300.8   338.9   366.4   397.3   436.3   520.1  1320.5  2742.2  6618.1  58481.5    58592
read      289.1   300.8    68.9   121.5   138.1   235.7   287.2   316.2   338.2   365.4   402.6   483.8  1604.4  3582.9  7355.0 152858.0   153042
read      218.5   146.4    68.9   103.6   114.1   190.3   238.7   267.4   287.5   310.6   339.7   385.9   619.4  1729.1  4653.4 112218.0   112238
read      254.7   197.4    68.9   121.0   136.7   224.2   267.6   293.3   313.1   337.6   371.1   430.4   789.1  3140.6  3755.8 159714.0   160265
read      254.1   181.4    68.9   100.3   111.1   227.0   281.9   313.1   336.6   366.0   403.6   465.6   914.4  2415.6  3830.2  57021.0    57109
read      318.0   392.3    68.9   105.6   117.9   221.7   297.9   356.0   398.9   449.1   520.2   662.9  2219.5  4272.3  7831.9  88797.0    88551
read      196.4    85.8    63.8   109.6   125.9   188.2   211.4   224.2   232.8   244.6   260.3   287.6   399.7  1127.3  2840.6   8432.0     8385
read      253.6   145.1    68.9   103.6   116.8   235.5   285.1   312.0   330.9   352.3   379.3   425.6   813.0  1734.9  2430.3  34258.0    34088
read      358.6   427.6    68.9   112.4   127.8   234.0   291.1   326.1   356.7   409.6   731.6  1361.9  2094.0  3804.9  7713.8 113779.5   113600
read      224.0   181.0    68.9   107.4   118.7   195.3   239.3   266.3   285.7   308.5   338.0   385.5   659.0  2074.6  5476.6 131530.0   131842
read      219.0   145.9    63.8   103.2   113.7   190.7   239.2   267.9   288.3   311.7   340.8   389.4   610.4  1843.9  3728.4 111400.0   112066
read      278.6   292.6    63.8   102.3   113.2   221.5   288.8   329.3   360.4   398.3   449.6   548.2  1519.0  3049.0 10887.0  72270.5    72585
read      295.8   355.5    68.9   113.0   127.6   223.0   274.8   304.2   325.7   353.4   395.8   547.9  1874.5  3632.9  7567.8 133468.5   133669
read      209.3    94.1    68.9   112.3   130.0   200.2   225.8   239.9   250.5   263.1   278.7   309.2   478.7  1307.5  1865.2  11684.0    11820
read      214.6   128.6    68.9   111.5   129.2   204.2   231.9   247.3   258.5   271.9   289.8   317.4   451.6  1315.9  7182.8  12662.5    12639
read      337.0   438.7    68.9   111.6   126.4   229.6   282.9   314.5   339.5   374.4   455.1  1293.0  2275.7  4472.5  7814.4 118479.5   118548
read      268.0   158.9    68.9   130.6   148.3   242.3   288.2   315.1   335.9   361.3   395.0   452.4   709.7  2118.2  3266.1 165819.0   165754
read      265.3   260.8    68.9   103.5   114.5   207.9   271.2   309.8   339.2   377.3   431.6   535.9  1349.3  3241.3  7346.4  86900.5    86823
read      225.7   108.4    68.9   109.6   126.6   216.0   248.1   265.7   277.8   292.7   311.8   342.1   554.4  1456.8  1776.3  16775.5    16898
read      364.7   462.8    68.9   115.6   132.6   244.1   301.5   335.3   362.7   402.2   523.8  1402.8  2394.4  4624.9  7901.3 122841.5   123124
read      276.6   269.4    68.9   102.0   112.8   221.2   289.1   329.1   360.1   396.9   446.8   542.2  1449.1  3524.4  7198.6  72215.5    72278
read      264.4   164.5    68.9   101.2   112.8   239.8   299.3   332.4   355.5   381.9   415.5   477.7   915.8  1765.3  2860.6  47880.0    47757
read      278.3   231.5    63.8   100.9   112.2   235.6   305.7   344.8   373.4   404.9   445.2   524.5  1227.7  2503.9  7060.8  60553.5    60510
read      243.6   114.5    68.9   106.7   122.1   232.6   274.9   297.1   312.6   330.4   353.7   393.2   621.3  1261.9  1931.1  25505.5    25237
read      341.8   422.8    68.9   110.2   124.1   230.1   307.0   375.1   433.4   503.8   592.2   788.0  2238.7  4674.1  7919.7  97362.5    97783
read      250.8   254.1    63.8   105.8   117.3   200.3   250.3   280.0   301.6   327.9   363.8   436.2  1469.4  3028.6  6422.1 119078.0   118966
read      221.4    95.6    68.9   109.5   127.1   213.1   243.2   260.1   272.3   287.6   306.8   338.6   478.9  1211.9  2146.1  16646.0    16631
read      210.6   104.2    63.8   110.8   128.8   201.8   227.6   242.0   252.9   266.6   283.9   312.7   481.6  1212.1  1987.6  11630.0    11743
read      350.5   445.5    63.8   112.3   127.5   232.9   288.2   320.6   348.6   394.6   578.6  1310.7  2307.1  4311.8  7944.2 114369.0   115026
read      220.6   145.4    63.8   105.6   116.4   192.5   238.2   265.7   285.6   308.9   338.6   387.1   666.3  1841.8  3277.3 122795.0   122371
read      192.2   160.4    68.9   104.1   119.7   180.4   201.6   214.0   223.0   233.4   249.7   274.4   521.1  1238.2  7475.1   7192.0     7198
read      244.5   140.9    68.9   106.4   121.9   230.9   272.2   293.9   309.6   327.8   352.0   394.5   679.2  1571.2  3581.0  25149.5    25022
read      302.8   332.9    68.9   127.6   145.2   248.3   295.7   323.7   344.8   371.6   410.2   497.3  1863.3  3727.9  7844.8 157512.5   157513
read      298.6   196.1    68.9   140.4   160.5   266.6   319.7   352.5   376.7   406.3   445.5   506.5   831.5  2479.5  4387.0 171976.5   171975
read      249.0   156.0    68.9   120.3   135.8   223.1   267.7   293.6   313.1   336.6   368.0   423.0   683.4  2111.8  2771.5 154828.5   154918
read      235.8   172.9    68.9   111.8   124.6   206.0   250.7   276.9   296.2   319.3   350.5   402.2   798.4  2147.0  4099.0 139160.0   139185
read      231.6   149.1    68.9   113.5   127.4   206.3   248.2   273.1   291.8   314.0   343.5   392.9   636.8  1927.4  3585.7 152474.5   152724
read      227.8   117.2    68.9   108.7   124.5   216.6   248.7   267.3   280.8   296.4   319.1   357.3   621.6  1591.9  2942.5  20855.5    20845
read      313.8   385.4    68.9   115.8   132.2   235.5   288.7   318.6   341.6   370.7   417.0   593.4  2222.4  4123.7  7759.1 139764.5   140348
read      271.8   309.8    68.9   102.9   113.9   207.1   268.2   305.8   335.7   373.8   431.2   546.8  1587.5  3981.2  7679.9  88790.5    88725
read      292.9   388.5    68.9   112.1   125.9   218.7   270.7   299.8   320.7   346.6   385.1   478.6  2332.8  4134.8  7842.1 133823.5   134088
read      261.7   251.6    63.8   100.0   110.5   219.4   280.6   315.1   341.2   373.2   416.3   492.5  1173.0  3228.6  7696.1  66133.5    66126
read      285.4   266.4    63.8   102.5   113.9   221.6   301.7   354.2   390.2   427.8   479.5   570.5  1414.6  3090.3  7043.5  78240.0    78214
read      271.1   214.4    68.9   100.8   111.9   236.6   300.1   336.4   361.9   390.4   425.6   492.5  1138.7  2666.9  4286.9  55087.0    55191
read      270.1   201.3    63.8   100.7   112.0   236.5   300.7   336.7   362.4   392.0   428.8   500.7  1059.4  2197.1  3821.0  54155.0    54081
read      322.4   386.1    68.9   110.1   123.7   222.4   278.3   312.7   342.0   390.9   544.4  1003.9  1879.2  4152.0  7726.6 112377.0   112478
read      301.9   182.3    68.9   144.9   165.3   272.1   327.8   361.1   384.9   412.7   448.6   504.3   765.3  2354.6  4218.3 179195.5   179666
read      215.1   117.3    63.8   102.5   112.6   190.3   239.7   268.2   287.9   310.1   337.8   380.6   540.0  1417.6  1861.6 100761.0   100584
read      219.9   141.1    68.9   105.9   117.1   193.6   237.5   264.7   284.0   306.7   336.0   382.2   619.5  1861.6  3047.6 128125.0   127920
read      186.8   107.8    63.8   104.0   117.3   176.7   196.7   208.4   216.9   228.2   243.1   269.2   506.3  1165.9  1985.8   6691.0     6594
read      243.3   123.1    74.4   106.6   122.5   231.1   272.2   294.3   310.3   328.3   350.8   391.3   653.7  1451.6  2374.8  25027.0    25020
read      338.6   432.5    68.9   117.4   133.9   243.0   298.9   331.2   356.8   391.1   451.5  1007.3  2499.7  4630.5  7869.5 129037.5   129587
read      204.5    90.0    63.8   111.8   129.0   195.1   218.5   231.3   241.1   253.6   270.8   298.7   498.4  1275.6  1678.9  10209.0    10277
read      310.5   351.1    68.9   122.6   140.2   247.1   299.8   330.7   354.4   385.0   429.4   531.8  1997.9  3700.3  7766.7 147819.0   148458
read      265.2   209.1    63.8   102.7   113.6   225.6   288.4   323.8   351.3   385.4   428.2   510.8  1140.6  2414.2  3215.2  66065.5    66114
read      269.4   181.2    68.9   101.7   113.5   242.0   303.6   337.8   361.9   389.3   423.7   489.9   999.8  1891.7  3290.2  49390.0    49261
read      310.6   384.9    68.9   115.4   131.0   231.6   285.0   316.2   339.8   369.7   419.6   633.8  1917.7  4304.6  7860.2 132903.5   133049
read      217.6   127.4    63.8   103.4   113.5   191.0   240.8   269.5   289.5   312.3   340.5   386.0   590.9  1592.9  2797.0 106801.0   106628
read      248.0   313.7    68.9   108.5   124.2   227.3   266.4   287.7   302.5   319.4   342.6   381.9   648.7  4839.9 11493.9  23380.5    23498
read      313.8   376.1    68.9   107.9   120.6   218.6   278.0   317.6   354.3   416.4   538.6   817.9  1882.9  4272.3  7758.1 103478.5   103564
read      247.9   170.3    63.8   122.6   138.4   222.8   264.4   288.6   306.6   328.3   358.1   408.1   699.8  2373.3  4390.5 161878.0   161774
read      247.5   146.2    68.9   103.0   115.0   231.1   275.7   300.7   318.9   342.0   372.4   423.0   779.6  1801.4  2689.1  38994.5    39037
read      286.7   304.1    68.9   126.5   143.6   238.8   285.4   312.2   332.2   356.9   391.2   456.9  1689.0  3585.0  7542.6 163271.0   163622
read      235.2   206.0    63.8   106.1   117.8   196.7   242.1   269.3   289.2   313.1   344.7   404.6  1153.8  2502.5  5506.2 132144.0   132405
read      221.7   154.0    63.8   106.3   117.7   192.5   235.8   262.8   281.9   304.2   333.4   381.7   770.8  1794.9  3326.5 131711.5   131596
read      259.1   156.6    68.9   133.4   151.0   238.8   278.8   301.6   318.2   339.6   368.0   416.7   599.5  2194.4  4375.6 174334.0   174543
read      242.3   176.7    63.8   102.1   112.4   200.7   261.8   297.7   324.8   358.1   401.3   478.4   838.1  2036.8  3229.2  90499.0    90567
read      249.8   231.2    63.8   104.8   115.9   196.8   245.9   276.1   299.3   329.5   375.5   539.1  1276.8  2681.4  4886.0 116396.5   116582
read      204.0    91.4    68.9   109.3   125.9   197.8   223.1   236.3   247.3   259.6   275.1   301.9   386.2  1175.9  1920.4  13857.5    13888
read      334.9   460.1    68.9   110.2   124.1   219.5   268.9   298.6   323.9   362.8   486.8  1218.6  2645.0  5077.5  7883.0 119240.5   119224
read      223.7   126.3    68.9   114.3   128.0   203.0   242.2   265.8   283.2   303.8   330.6   372.3   510.8  1610.8  2966.9 156092.5   156471
read      237.7   156.2    63.8   119.6   134.4   214.5   254.0   276.9   294.5   315.6   343.9   392.5   620.6  2476.0  3735.9 164405.5   164013
read      237.1   121.7    63.8   101.8   113.1   224.8   269.2   293.7   311.9   333.1   360.4   402.0   608.8  1336.4  2122.2  41893.5    41909
read      343.8   408.8    68.9   114.6   130.1   230.1   278.6   309.2   334.9   374.4   584.0  1351.1  1796.4  3735.5  7329.4 128346.5   128280
read      213.7   109.4    68.9   103.1   113.3   189.1   238.3   267.0   286.8   309.4   337.5   380.9   527.2  1264.1  1946.3 106984.0   107066
read      253.8   153.3    68.9   101.8   113.5   234.9   287.8   316.1   336.3   360.0   390.7   436.7   783.1  1766.8  3593.9  46306.0    46119
read      201.7    95.7    68.9   109.5   125.5   193.1   216.5   229.6   239.0   251.9   269.0   297.4   463.6  1090.3  3217.6  10305.0    10227
read      196.6   115.6    63.8   107.4   122.9   188.4   212.3   225.0   233.9   245.8   261.0   286.8   379.8  1111.3  6269.4  11008.0    10870
read      341.5   403.4    68.9   128.2   146.8   258.1   309.0   339.4   363.8   396.0   450.4   830.5  2257.3  3980.9  7834.5 146427.5   146664
read      219.2    81.3    68.9   109.3   125.4   213.7   243.9   260.4   272.4   287.8   307.5   338.8   444.3   860.0  1774.3  19985.0    19865
read      304.1   352.6    68.9   108.9   121.6   214.1   269.1   305.5   337.5   391.8   525.2   836.2  1704.1  3751.1  7897.2 113189.5   113409
read      253.8   166.1    63.8   100.4   110.9   221.3   287.2   323.3   348.9   378.9   415.8   478.0   893.8  1796.6  2534.8  70367.5    70623
read      252.0   143.7    68.9   100.6   111.5   231.9   289.7   321.2   343.0   368.1   398.7   447.9   760.8  1365.7  2167.7  52799.5    52633
read      269.2   270.4    68.9   105.8   117.4   204.7   261.4   299.4   332.7   378.5   449.3   581.2  1436.4  3205.8  4978.2 104857.0   104630
read      249.6   136.4    63.8   102.6   114.7   233.2   283.7   311.4   331.0   353.9   382.4   427.7   746.9  1480.2  1973.4  42605.5    42594
read      286.6   261.5    63.8   104.3   116.0   213.9   293.5   354.9   395.2   438.3   498.9   601.4  1471.5  2667.9  7087.2  95111.0    95196
read      254.5   159.8    63.8   100.6   111.7   231.3   290.8   321.9   344.0   369.1   399.1   449.4   811.1  1709.2  2603.7  52230.0    52243
read      243.8   128.0    68.9   101.6   114.1   230.6   278.6   304.0   320.9   341.1   366.4   404.3   649.2  1512.6  1838.0  37158.0    37031
read      247.6   131.7    68.9   102.3   114.9   231.5   281.9   308.6   326.1   346.6   373.2   417.6   767.5  1516.8  1832.6  39803.5    39878
read      315.7   356.8    63.8   111.0   124.8   220.0   276.7   317.1   354.7   423.2   583.2   898.7  1626.3  3932.5  7769.2 110915.5   110750
read      192.1   107.3    68.9   106.9   122.3   183.9   205.2   218.1   227.5   237.7   253.1   280.1   370.0  1377.9  4882.6   8243.0     8231
read      268.3   201.2    68.9   100.0   111.0   229.8   296.9   333.5   359.8   389.7   427.3   504.1  1129.5  2168.2  3053.6  63729.0    63638
read      289.8   303.0    68.9   103.6   115.3   217.1   295.9   349.6   386.0   425.1   478.5   576.1  1672.3  3426.0  7598.0  90266.5    90167
read      256.1   189.6    68.9   100.4   111.8   231.1   288.3   319.3   340.6   364.7   394.9   445.5   867.4  2003.2  7798.1  50458.0    50555
read      217.5   166.6    68.9   109.1   125.5   206.0   233.9   249.6   261.0   273.9   292.4   322.1   463.1  3015.7  7416.9  16069.0    15997
read      248.5   146.0    63.8   101.3   113.0   230.5   282.0   309.6   328.3   349.2   375.4   421.1   758.0  1822.0  2716.5  42974.0    43089
read      203.1   140.4    68.9   110.0   126.2   194.2   219.0   232.2   242.1   253.6   269.7   295.7   418.9  1335.2  7769.9  12248.5    12188
read      272.1   229.4    63.8   100.9   111.6   221.2   296.1   339.5   369.0   402.1   445.2   529.5  1244.6  2694.5  3656.7  76229.5    76615
read      270.2   299.9    68.9   113.5   127.9   216.2   263.5   290.4   310.9   336.3   372.2   453.1  1555.0  4121.1  6351.6 143190.0   143480
read      242.2   152.6    63.8   100.1   110.2   220.7   276.9   306.9   328.3   354.2   387.1   435.7   639.1  1937.7  3147.5  63580.0    63793
read      260.4   190.9    63.8    99.6   110.2   223.0   292.9   331.4   358.2   388.6   425.3   492.7   997.9  2131.6  4057.0  71942.5    71996
read      245.4   136.2    68.9   101.6   113.5   229.8   280.2   307.2   324.9   346.0   373.7   420.1   685.0  1372.4  3020.0  41589.0    41778
read      224.3    99.0    68.9   107.5   122.7   218.0   251.8   269.7   282.6   297.0   316.4   346.1   459.9  1081.4  1728.4  21882.0    21860
read      252.1   151.1    63.8   101.5   113.0   232.1   285.7   314.9   335.4   358.6   387.9   432.8   807.6  1674.4  3266.3  45383.5    45582
read      288.1   283.1    68.9   103.1   114.5   222.7   300.1   349.8   383.7   420.5   469.6   568.7  1611.1  3125.6  7560.0  82041.0    81972
read      253.1   164.6    68.9   101.8   113.7   233.2   286.0   314.3   334.2   357.1   386.0   431.7   776.4  2045.4  3529.9  42895.0    42852
read      256.9   165.6    63.8   101.3   112.6   233.0   292.1   323.7   345.5   371.3   402.9   461.5   818.1  1705.1  3523.2  52091.0    51852
read      310.3   359.5    63.8   109.7   122.7   216.0   271.6   310.7   344.3   402.7   544.8   851.2  1886.2  3766.6  7538.7 109567.5   109368
read      258.3   186.3    68.9   101.3   112.5   230.8   288.7   320.3   342.7   368.7   401.6   462.5   965.5  2097.1  4389.4  55854.0    55794
read      244.7   305.0    63.8   102.2   115.0   225.4   271.1   295.0   311.7   330.8   355.0   394.4   614.4  1652.3 12066.9  35492.0    35534
read      271.2   228.9    68.9   102.5   113.5   211.6   291.7   343.7   378.0   415.0   462.5   543.9  1184.2  2544.8  5127.8  90084.5    90576
read      274.7   226.4    63.8   104.0   115.5   210.3   289.2   346.7   384.4   423.6   475.0   566.6  1302.2  2149.5  4071.0  95063.5    95085
read      243.7   198.0    63.8   103.1   113.6   197.0   253.2   289.1   316.7   351.9   402.5   500.1   924.3  2465.3  3612.3 100164.0   100029
read      259.4   179.0    63.8   100.4   110.9   220.8   290.1   330.5   358.7   390.2   429.6   502.1   993.6  1841.7  2765.2  72412.0    72551
read      264.6   192.0    63.8   101.5   112.4   214.4   291.8   341.0   372.7   406.3   449.4   529.0  1088.9  1883.3  2597.3  84636.0    84629
read      258.0   166.7    63.8   100.6   111.4   221.4   294.4   335.6   363.8   394.7   431.4   499.9   842.9  1624.8  2347.0  73906.0    74136
read      299.5   360.1    63.8   110.2   123.7   218.2   268.2   296.4   317.7   345.2   392.3   915.9  1727.5  3580.4  7558.0 130496.0   130756
read      252.5   255.5    59.1   100.1   110.6   216.6   276.3   308.8   332.6   361.6   398.3   462.5   946.2  2522.4 11500.3  69741.5    69916
read      255.2   154.4    68.9   100.1   110.7   222.0   292.5   332.4   359.6   389.9   426.6   489.4   816.8  1557.1  2194.1  71728.5    72019
read      271.1   201.9    68.9   102.2   113.2   222.9   300.1   345.9   376.2   410.5   454.5   536.9  1107.8  2131.7  3035.5  77862.0    78070
read      272.7   259.4    63.8   106.3   117.9   209.4   270.8   312.9   347.8   395.9   462.8   587.4  1366.3  2945.1  7092.6  99604.0    99548
read      243.7   151.8    68.9   103.7   116.5   229.0   274.5   298.5   315.3   334.9   360.3   401.4   681.1  1954.8  4644.8  36482.5    36393
read      380.8   399.8    74.4   155.7   181.8   306.4   353.9   381.0   401.7   430.0   472.5   772.1  2316.9  4213.1  7739.2 172568.5   172591
read      188.2    82.5    68.9   105.3   118.5   181.6   203.2   214.9   223.6   233.9   249.7   274.9   368.7  1190.3  2433.8   8471.5     8325
read      271.4   221.2    63.8   101.2   112.0   224.8   297.7   339.2   367.8   399.8   439.6   516.9  1251.8  2331.7  4440.3  73778.0    73684
read      251.8   163.2    63.8   101.0   112.6   230.6   285.6   315.2   335.9   359.3   388.9   434.3   784.2  1725.2  4106.5  48393.5    48420
read      181.6    89.5    63.8   101.8   116.0   173.6   193.7   204.8   213.9   224.7   238.0   265.1   369.3  1148.9  3149.3   6919.0     6828
read      330.1   425.8    68.9   110.6   124.4   219.2   269.2   300.6   328.5   372.3   546.7  1163.4  2372.6  4182.7  7843.4 118198.0   118747
read      187.3    85.5    68.9   103.5   118.5   181.3   202.3   214.9   223.9   233.8   248.6   273.3   366.1  1054.1  3181.3   7123.0     7123
read      343.0   328.5    74.4   157.1   180.5   295.0   341.7   368.3   388.6   413.1   447.7   513.9  1736.2  3697.9  7139.2 174783.0   175577
read      231.6   159.6    68.9   115.0   128.8   207.0   247.4   271.3   289.2   310.3   337.7   382.1   592.8  2426.2  3402.1 147970.0   147498
read      239.5   125.6    68.9   104.7   117.7   229.0   271.5   294.0   310.0   328.4   352.2   391.8   573.8  1717.3  2736.3  36015.0    35814
read      261.0   199.1    59.1   100.4   111.3   230.6   294.4   328.6   353.0   380.4   414.5   468.9   939.9  2775.8  4761.2  59682.0    59488
read      341.8   335.3    68.9   151.4   173.6   285.9   333.5   361.1   381.8   407.6   448.1   541.8  1703.4  3688.7  7427.6 167524.5   167483
read      243.5   190.1    63.8   102.3   112.6   201.2   261.7   297.0   322.7   356.5   399.9   475.5   919.6  2356.5  3189.9  89397.5    88988
read      204.1   176.7    63.8   108.0   123.7   188.8   210.9   223.8   232.9   245.5   263.3   295.6   639.2  2569.8  7538.6   9961.5     9869
read      271.7   321.0    63.8   105.9   117.5   202.7   255.1   288.4   313.6   347.1   406.6   581.8  1648.9  4234.1  7517.7 111823.5   111786
read      251.5   269.5    63.8   101.9   112.2   199.0   255.0   287.7   311.7   341.1   383.5   470.0  1414.3  3472.3  7549.2  93067.5    92736
read      288.5   229.9    68.9   141.2   161.3   259.9   302.8   326.9   344.4   367.2   397.3   452.6   948.7  3422.0  6997.5 178426.5   178657
read      214.3   152.1    63.8   100.7   110.7   185.4   235.0   263.6   283.1   304.9   332.1   375.7   586.4  2253.7  3122.5 108737.0   108877
read      213.5    96.5    63.8   108.5   124.3   207.8   234.1   249.2   260.2   272.9   290.8   319.7   409.9  1506.4  2516.5  19073.5    19091
read      259.6   210.3    63.8    99.1   109.9   223.7   284.3   318.4   343.4   372.2   409.3   478.0  1150.0  2513.0  4917.9  65558.0    65772
read      258.2   198.7    63.8    99.6   110.2   215.4   288.0   329.3   357.0   388.1   426.2   494.6  1006.1  2422.1  3730.4  79194.5    79060
read      252.2   251.0    63.8   101.9   112.4   197.9   254.9   290.8   318.8   354.7   403.7   496.6  1374.3  3104.2  7172.7  99536.5    99953
read      227.1   131.3    68.9   105.9   120.2   219.3   254.1   272.3   286.2   302.1   321.5   355.8   464.2  1626.5  3445.6  24368.0    24354
read      289.5   336.9    63.8   112.8   127.6   220.8   267.7   294.8   315.6   342.1   383.5   547.4  1738.0  3473.1  7411.9 143928.5   144236
read      236.8   155.5    68.9   121.1   136.4   215.7   254.3   276.7   293.8   314.3   340.9   384.3   526.1  2150.2  3406.0 168105.0   168093
read      220.4    90.2    68.9   107.4   122.2   215.7   246.8   263.7   275.1   290.4   309.3   338.9   431.6  1323.1  1855.9  22152.0    22028
read      257.0   194.0    63.8   100.0   110.5   215.8   285.5   325.4   353.5   385.5   425.3   496.7   971.3  2365.0  4175.1  77751.5    77499
read      271.1   313.4    68.9   107.6   119.6   204.2   251.2   278.8   300.0   327.0   368.6   566.5  1629.3  3491.9  7350.5 128289.0   128271
read      218.4   146.7    63.8   104.6   115.4   189.0   233.4   260.9   280.8   304.0   333.6   382.8   756.5  1684.5  3181.0 126018.5   126673
read      244.5   163.5    63.8   102.4   113.9   229.4   275.2   300.2   317.9   339.3   366.3   407.9   641.1  2393.0  3643.0  43639.5    43605
read      263.7   260.6    68.9   104.7   116.0   202.6   261.6   300.7   332.9   374.0   434.8   558.0  1309.2  3003.2  7057.0 102929.5   103217
read      253.1   204.2    68.9   102.4   113.5   204.5   268.3   309.4   340.8   379.0   426.4   506.5   957.4  2561.8  4022.4  94077.5    93706
read      228.2    98.5    68.9   107.0   122.3   222.7   257.9   276.4   290.0   305.4   323.9   357.8   459.4   964.6  2705.5  23195.5    23247
read      265.2   253.1    68.9   100.5   111.1   213.0   275.4   311.7   339.7   373.6   419.6   509.2  1532.9  2733.5  4576.0  77461.0    77378
read      201.8   136.5    63.8   107.2   123.5   192.1   215.6   228.7   237.8   250.5   267.3   294.6   416.1  2000.7  4016.5  10478.5    10495
read      275.6   322.9    68.9   110.7   123.7   210.3   255.6   282.4   302.7   327.8   365.3   486.0  1705.1  3413.5  7417.4 134579.0   134841
read      213.0   120.7    68.9   103.4   114.0   187.6   232.7   260.4   279.9   302.8   331.7   375.0   546.7  1536.8  2625.5 120911.0   120602
read      241.7   166.9    63.8   103.3   115.9   229.9   273.4   296.0   312.9   332.1   356.2   395.5   577.8  1743.5  6178.2  36822.0    36975
read      267.8   298.3    68.9   114.2   129.1   217.6   262.5   288.5   307.9   331.4   364.0   429.8  1709.8  3415.2  7467.2 151182.5   151323
read      215.7   125.5    68.9   102.7   112.8   188.9   239.6   269.0   289.2   312.0   340.6   388.9   575.3  1253.0  3358.7 105323.0   105217
read      215.6   118.1    68.9   102.7   113.0   188.6   237.1   266.7   287.1   310.4   339.9   389.6   610.8  1310.5  1973.8 110515.5   110653
read      214.4   138.4    68.9   104.7   115.4   187.4   231.3   258.2   277.5   300.4   329.1   373.2   564.7  1875.1  3000.0 127877.5   127593
read      229.5   129.3    68.9   108.7   120.3   204.9   256.3   284.6   304.3   326.7   355.4   400.2   569.2  1659.0  2678.6 101311.0   101096
read      290.4   183.6    68.9   140.2   160.9   266.2   313.6   341.7   363.8   390.7   426.6   486.7   646.7  3083.4  4178.6 158864.5   158958
read      242.9   173.1    63.8   111.5   124.9   212.9   262.0   289.9   310.6   335.7   369.4   431.3   718.2  2368.4  3668.1 136504.5   136541
read      228.9   142.8    68.9   116.9   130.9   207.3   245.7   268.7   285.9   306.7   334.0   376.7   554.9  2000.4  3292.9 164745.5   164999
read      231.7   146.9    68.9   117.4   131.7   210.0   249.0   272.0   289.3   310.0   337.3   382.2   552.6  2122.4  3198.2 164847.0   164911
read      240.4   185.9    63.8   101.3   111.4   200.8   260.9   294.0   317.8   346.1   385.9   454.8   885.6  2380.8  3721.5  87813.0    87904
read      270.3   272.9    68.9   126.4   143.1   231.9   273.7   298.1   316.9   340.2   372.0   429.9  1215.9  3478.3  7157.0 168971.0   169356
read      244.1   177.5    59.1    99.7   110.4   217.5   275.3   306.3   328.1   355.2   390.6   444.7   743.5  2055.1  6115.8  68039.0    67870
read      286.2   287.6    68.9   128.4   146.0   242.6   288.0   314.4   334.8   360.0   394.3   459.2  1478.2  3578.6  7666.2 167681.5   167602
read      239.6   132.0    68.9   122.3   137.8   219.5   259.2   282.8   299.9   320.6   349.6   397.0   540.9  1717.4  3028.4 169923.5   170450
read      243.0   182.2    63.8   101.0   111.1   213.6   274.4   306.6   328.6   355.2   389.3   443.1   713.1  2390.0  4735.5  72951.0    72942
read      207.4    89.1    63.8   109.6   126.0   202.2   228.4   242.4   252.4   265.7   282.7   311.8   400.1   884.9  4109.0  13852.5    13873
read      248.2   206.8    68.9   100.3   112.0   228.6   280.4   308.2   327.3   349.5   378.3   426.1   694.2  1677.9  8787.6  45269.5    45295
read      280.5   365.6    68.9   118.1   133.4   223.3   266.2   290.8   309.6   333.0   365.7   431.9  2016.8  4580.5  7824.6 157624.5   157697
read      209.7   111.1    68.9   102.6   112.7   184.7   231.7   260.0   280.0   302.6   330.7   372.3   505.3  1328.9  2501.0 117178.0   117232
read      210.5   111.2    59.1   100.5   110.4   186.4   236.9   265.8   285.4   307.4   334.7   374.8   484.7  1312.0  2281.6 101046.0   101152
read      247.2   148.9    68.9    99.6   110.5   227.9   281.6   311.1   331.5   354.8   383.8   429.9   768.4  1655.0  3133.7  50285.0    50333
read      289.7   346.0    68.9   110.7   124.6   217.3   264.8   292.2   313.3   340.4   383.9   577.0  1788.4  3522.6  7352.2 136378.0   136447
read      229.7   171.3    68.9   114.1   127.9   205.1   244.5   268.0   285.3   306.0   333.4   375.4   545.4  2760.8  3462.9 157998.0   158298
read      246.1   163.5    68.9   101.1   111.4   219.2   278.4   310.4   333.9   361.8   397.1   456.1   734.5  1938.5  3011.2  69230.0    69328
read      265.9   255.0    68.9   122.3   138.6   227.5   270.7   295.4   314.3   337.6   370.1   431.0  1347.3  3455.1  4618.4 164020.5   164566
read      244.2   173.1    63.8   100.5   111.0   215.3   274.5   305.8   328.0   354.5   389.8   449.4   824.7  1898.7  4016.4  70983.5    70740
read      265.7   266.4    68.9   104.4   115.8   202.6   259.1   295.5   325.0   367.1   434.6   585.3  1422.0  2943.8  7615.8 106799.0   106915
read      213.2   137.8    63.8   103.7   114.3   186.3   230.4   257.2   276.7   299.6   328.8   374.1   600.3  1677.7  3322.1 126523.5   126425
read      246.8   208.5    63.8   100.3   110.5   205.8   265.4   297.7   321.1   350.6   391.7   469.1  1031.1  2702.4  4155.5  78561.5    79083
read      258.1   253.5    68.9   114.2   129.0   216.7   260.3   286.1   305.5   329.5   364.1   430.1  1470.8  3295.2  6044.3 143710.0   143445
read      244.6   151.7    68.9   124.1   140.2   223.8   263.5   286.8   304.1   324.4   352.7   398.4   544.4  2403.0  3886.4 165635.5   165502
read      246.8   120.6    68.9   104.7   116.8   235.8   282.5   307.4   325.4   346.6   374.3   420.0   610.9  1279.3  1926.5  40967.0    40820
read      237.3   120.7    68.9   107.8   122.8   229.5   267.3   287.3   301.5   317.7   340.0   374.2   539.8  1269.4  3403.9  25040.5    25097
read      239.3   101.3    68.9   106.3   120.5   233.0   273.0   293.6   308.2   324.4   346.2   382.6   507.0  1181.0  1479.8  26736.0    26808
read      271.0   227.0    63.8   102.9   114.1   225.5   292.9   330.9   358.7   391.9   434.5   525.8  1228.1  2651.8  3982.0  72819.0    72990
read      325.0   389.4    63.8   112.0   125.7   221.6   275.3   309.5   337.5   380.2   524.7  1107.9  1979.4  3433.0  7955.2 114246.5   113963
read      251.8   195.6    63.8   105.4   116.6   206.5   267.5   305.4   334.0   368.7   414.4   499.2   947.0  2342.1  3934.0  97281.0    97475
read      227.9   107.9    68.9   110.6   126.6   221.3   253.4   270.5   282.9   296.6   315.8   345.7   481.4  1245.7  1489.7  18672.5    18649
read      302.1   334.1    68.9   126.7   144.7   246.0   295.9   324.8   346.2   373.3   411.2   488.4  1838.3  3638.0  7711.4 149806.5   150293
read      219.5   126.9    68.9   106.5   117.5   193.7   240.5   268.1   287.9   310.7   339.4   385.3   575.1  1565.8  2274.1 119100.0   119407
read      251.6   180.0    68.9   101.8   112.3   213.0   279.3   317.2   343.4   374.9   414.4   480.1   910.5  2100.0  3146.7  80001.5    79895
read      273.1   324.3    63.8   110.7   124.0   212.1   259.1   285.9   305.8   330.6   366.9   460.9  1718.2  3487.8  7676.3 137840.0   137569
read      214.9   128.8    63.8   102.4   112.6   187.3   236.4   265.8   286.2   309.9   339.3   388.1   573.3  1514.7  3862.6 109648.5   109784
read      244.0   150.6    68.9   100.6   111.6   225.3   274.9   303.1   323.0   347.2   379.2   430.0   716.1  1701.4  3035.9  52297.0    52195
read      277.7   250.9    63.8   103.2   114.8   210.4   287.2   343.1   381.1   421.7   476.3   574.3  1410.8  2738.1  5771.1  97156.0    97072
read      263.9   223.7    59.1   100.2   111.0   220.7   291.5   330.5   357.4   387.3   424.8   494.2  1188.1  2521.5  7464.6  75133.0    75134
read      274.7   248.7    68.9   102.5   113.8   211.4   286.5   340.9   377.0   415.6   467.2   557.1  1343.4  2716.5  7031.5  96647.0    96879
read      238.9   192.4    68.9   116.6   131.0   211.9   252.3   275.6   293.4   314.8   342.7   390.0   638.6  3244.7  4037.0 160610.0   160599
read      242.3   146.4    63.8   101.7   112.3   217.2   276.6   307.6   329.6   355.4   388.4   441.9   715.3  1650.3  2715.8  71372.5    71249
read      259.9   201.8    63.8   100.1   111.0   216.7   286.9   328.5   357.1   389.4   428.5   499.8  1063.2  2348.0  3216.2  78984.0    78672
read      253.9   152.2    63.8   100.1   111.2   228.6   294.0   329.4   353.1   379.6   412.6   466.0   762.8  1471.3  2370.8  66253.5    66141
read      270.0   282.0    68.9   119.0   134.5   223.7   267.5   292.8   311.9   335.4   368.0   431.1  1599.1  3529.7  5397.3 156933.5   157119
read      230.8   112.2    68.9   104.1   116.8   222.4   260.4   280.8   295.5   313.3   336.2   372.7   541.0  1478.9  2014.2  32482.0    32402
read      279.1   324.2    63.8   107.3   119.5   204.6   252.2   281.2   303.7   333.9   385.2   706.8  1734.9  3189.6  7588.3 120502.0   120835
read      213.5   123.9    68.9   101.3   111.0   187.1   239.7   269.0   289.2   311.9   340.5   388.2   539.2  1207.3  2559.3 101533.5   101524
read      248.0   154.4    68.9   128.2   144.1   227.1   265.7   288.3   305.2   325.7   354.0   400.0   567.9  2326.5  3692.4 177521.0   177702
read      224.0   135.6    68.9   112.5   125.5   200.3   239.7   263.9   281.7   303.4   331.5   376.8   622.5  1754.0  3139.1 155236.5   154983
read      277.9   198.6    68.9   135.9   154.6   252.6   298.3   325.9   346.6   373.1   408.3   467.3   649.6  2429.2  9406.6 175559.5   175537
read      259.2   146.0    68.9   131.8   149.2   237.1   278.9   303.6   321.7   344.8   376.2   431.3   603.3  1732.6  3604.5 177777.0   177715
read      223.4    91.5    68.9   106.1   119.9   218.2   251.8   270.1   283.9   299.8   319.9   352.7   448.8  1082.5  2062.2  26101.0    26001
read      265.1   266.9    68.9   119.9   135.5   222.6   265.7   290.7   309.8   333.1   365.6   425.7  1501.4  3490.5  5005.3 159210.5   159885
read      220.2   147.3    63.8   108.5   120.1   193.9   234.3   259.4   277.6   299.5   327.9   373.3   674.7  1999.5  3188.6 144121.0   144266
read      215.0   139.0    63.8   106.8   118.4   190.2   231.2   255.9   274.3   296.1   323.5   367.7   541.1  1841.0  3656.3 142560.5   142386
read      238.4   128.8    63.8   102.7   114.8   226.0   269.8   294.0   311.6   332.0   358.2   399.8   594.9  1668.0  2883.3  39747.5    39646
read      254.7   175.2    68.9    99.4   110.2   226.8   288.5   322.1   345.3   371.3   403.2   459.7   876.4  1940.8  3109.9  63315.0    63535
read      274.5   294.3    68.9   106.2   118.1   204.9   257.7   292.0   319.5   360.8   436.6   642.3  1554.6  3512.8  7263.3 111892.5   111750
read      277.5   174.4    68.9   138.4   157.1   253.6   297.1   322.5   342.2   366.8   400.0   458.5   663.0  2609.1  4327.6 178152.0   178544
read      219.1   128.5    68.9   109.2   120.8   195.4   236.3   261.8   280.0   301.8   330.0   373.3   561.2  1744.6  2582.2 143407.0   143598
read      211.0   111.3    63.8   103.7   114.2   186.0   230.6   257.8   277.5   300.3   329.1   372.9   574.3  1294.0  2214.9 123557.0   123314
read      211.6   117.5    63.8   102.9   113.1   186.2   233.0   260.9   280.7   303.7   332.1   375.0   538.3  1376.1  2721.9 116981.5   116900
read      215.8   123.5    68.9   102.7   112.9   187.7   236.4   265.8   286.1   309.3   338.6   388.7   643.0  1332.4  2864.5 110785.5   111580
read      219.8   151.8    63.8   104.7   115.6   189.1   233.0   260.1   279.9   303.9   334.5   386.8   805.3  1801.5  2966.0 129230.0   129042
read      212.6   126.6    63.8   104.3   115.1   187.2   230.3   256.6   275.2   297.5   325.3   369.8   572.1  1589.4  2706.4 129850.0   129909
read      240.4   134.7    68.9   125.0   140.9   222.3   260.3   282.1   298.0   318.1   344.5   389.9   524.2  1946.7  3184.2 176062.0   176569
read      213.8    81.9    68.9   109.1   124.7   210.3   237.8   253.6   265.0   277.4   294.6   321.8   406.4   908.7  1292.3  18723.0    18561
read      260.3   232.0    63.8   100.4   111.0   213.5   286.0   330.4   359.6   391.5   430.5   504.7  1004.4  2269.6  9681.1  82836.0    82982
read      247.8   162.9    68.9    99.4   110.4   225.6   278.9   309.2   330.4   354.9   385.8   435.4   786.4  1857.2  3006.7  52967.5    53156
read      280.1   335.1    63.8   111.6   125.4   213.4   258.6   285.3   305.7   331.9   372.2   516.8  1696.6  3615.6  7487.4 141560.0   141177
read      220.3    91.4    68.9   104.8   118.6   214.6   247.5   265.7   278.3   292.9   312.6   345.2   468.9   921.7  1604.4  24674.5    24545
read      212.9   100.0    63.8   106.7   122.1   207.1   235.3   251.3   262.9   275.4   293.4   321.3   415.3  1073.8  2017.0  17623.5    18002
read      290.8   361.4    63.8   109.9   123.1   213.6   259.9   287.0   307.9   334.9   378.8   683.6  1841.3  3524.4  7555.6 131631.0   131807
read      238.6   131.2    68.9   101.5   112.8   226.6   272.1   296.7   314.3   334.8   360.8   400.3   598.6  1571.3  3295.1  42829.5    43050
read      245.1   146.5    63.8    99.0   110.0   226.2   278.9   308.1   328.6   351.7   381.7   429.0   706.7  1695.0  2644.1  50929.0    51137
read      310.0   332.3    63.8   130.7   149.6   250.6   293.9   319.7   340.7   367.8   408.8   521.6  1715.9  3583.0  7688.6 163207.0   163650
read      236.6   206.8    68.9   101.3   111.7   214.5   266.2   291.8   310.3   332.4   362.4   414.5   620.6  2282.5  7429.0  66325.0    66060
read      217.4    94.0    68.9   105.3   119.6   210.5   242.2   260.1   272.7   288.8   309.3   341.8   432.8  1275.8  1928.1  22203.5    22129
read      224.1   134.5    68.9   106.4   122.7   216.6   249.1   267.6   280.7   295.7   316.1   346.2   443.3  1116.3  7868.8  18968.0    18840
read      251.2   145.0    68.9    98.8   110.3   230.9   286.7   316.9   338.0   362.5   393.9   447.5   780.4  1531.6  2329.2  47938.5    47897
read      335.0   471.9    68.9   112.2   127.3   228.8   274.4   301.3   322.4   353.5   413.6  1251.1  2929.6  4289.2  7976.5 133095.0   132763
read      224.5   104.2    63.8   104.5   118.8   215.4   249.8   269.7   284.1   300.7   323.3   358.6   470.1  1334.4  1764.5  23038.5    23044
read      364.1   449.1    74.4   153.4   178.8   287.6   329.9   355.6   374.8   401.3   442.5   560.5  3087.9  5188.4  7971.1 172063.5   171915
read      218.3   180.6    68.9   107.8   122.1   202.3   229.5   245.2   256.7   271.2   291.0   325.1   602.7  2523.3  7675.2  19236.5    19334
read      395.5   549.8    68.9   117.1   135.3   247.6   295.3   327.0   356.5   408.2   738.5  1468.2  3218.0  5250.2  7992.2 125561.5   125579
read      238.9   173.0    68.9   104.0   116.3   222.8   260.2   280.8   295.9   315.1   340.3   386.5   795.9  2665.7  4244.6  34375.5    34383
read      346.6   499.0    68.9   134.7   154.8   260.4   303.5   329.2   349.2   375.6   417.9   520.1  3245.0  6103.5  8346.1 159383.0   159031
read      221.8   180.3    63.8   105.1   116.2   189.9   232.6   259.2   278.6   301.8   331.4   381.2   802.3  2689.2  4725.4 133763.0   134136
read      253.2   228.1    68.9   120.6   136.1   221.0   262.6   286.7   304.7   326.5   357.2   410.1  1028.0  3404.6  6857.4 164165.0   164266
read      210.4   114.0    63.8    99.6   109.4   185.0   236.2   265.9   285.8   308.3   336.4   382.1   531.4  1203.3  2040.9  99253.5    99195
read      249.1   139.1    68.9    98.7   109.7   229.6   286.3   317.2   339.1   363.7   394.1   442.1   740.8  1460.1  2085.6  51516.0    51531
read      295.2   371.0    68.9   115.3   130.6   225.5   272.2   298.2   318.0   343.1   382.3   509.6  1897.2  3765.1  7708.9 147034.5   146794
read      207.2   108.5    68.9   101.2   110.7   183.3   231.7   259.8   279.0   300.2   325.8   365.8   511.2  1111.6  3063.7 108519.0   108372
read      215.9   135.7    63.8   101.5   111.3   186.0   235.2   264.4   284.5   307.7   337.1   388.3   704.4  1572.4  3032.5 108389.5   107914
read      216.5   163.3    68.9   101.8   111.9   186.8   235.1   264.2   284.6   308.0   338.0   389.1   652.0  1557.5  6328.7 111383.0   111421
read      247.0   166.7    68.9    99.0   109.1   213.7   278.7   316.4   342.7   371.9   409.2   469.6   823.5  1679.5  2470.4  75095.0    75121
read      250.9   152.3    68.9    98.4   109.3   229.8   288.1   319.8   341.8   366.9   397.7   448.4   737.0  1711.7  3011.3  52681.5    52675
read      318.9   394.9    63.8   108.4   121.6   216.8   266.4   296.3   320.6   361.2   487.8  1160.8  1914.3  3769.8  7670.1 120577.5   120632
read      182.3    77.3    63.8   103.5   117.9   175.0   195.2   206.9   215.7   227.1   242.2   268.5   370.6  1059.0  2889.9   7319.0     7372
read      337.1   412.4    68.9   125.1   143.6   253.1   299.7   327.5   349.6   379.9   431.6   845.2  2363.0  4188.5  7898.3 151905.5   152583
read      208.0   103.2    63.8    99.6   109.3   183.3   234.4   263.9   283.5   305.3   332.5   374.5   513.8  1145.9  1697.9 101637.5   101484
read      226.0    99.7    68.9   103.1   117.4   218.3   254.8   274.5   289.3   306.6   329.0   365.0   467.2   994.5  2075.6  23810.0    23959
read      419.8   584.0    74.4   145.4   167.7   274.2   317.4   346.1   372.2   413.4   517.9  1459.3  3373.0  5349.1  8049.1 146077.5   146209
read      207.7   119.6    63.8    98.3   108.3   195.1   245.2   266.5   280.2   295.0   314.4   344.0   425.8   857.7  5032.1  75106.0    75099
read      204.8    72.3    63.8   102.4   113.3   209.2   237.2   251.0   260.8   271.6   286.7   309.7   367.0   578.4  1557.9  39923.0    39946
read      204.3    77.5    68.9   102.4   113.2   208.0   235.7   249.9   259.9   271.1   286.4   309.9   363.0   496.5  2740.8  38685.5    38762
read      201.0    90.1    63.8    97.6   107.3   184.5   236.0   261.6   277.1   293.6   313.8   343.5   413.7   510.5  1125.0  92206.0    92506
read      213.6    90.0    68.9   114.7   128.2   199.0   234.5   256.1   272.1   291.6   316.3   354.9   436.7   756.3  2245.7 169552.5   169919
read      201.0    84.2    63.8    97.3   107.0   185.5   237.2   261.9   276.5   293.1   313.3   343.4   409.3   529.7  1030.0  87957.0    88331
read      216.6    83.1    68.9   117.0   130.5   202.4   238.0   260.1   275.6   295.0   319.4   358.1   441.6   775.7  1785.9 172238.5   172554
read      200.5    91.8    63.8    97.4   106.9   183.4   234.7   260.1   275.5   292.2   312.7   343.2   412.4   560.1  2640.0  94263.5    94380
read      206.7    84.1    63.8   109.4   120.9   190.5   228.3   251.6   268.9   289.1   314.0   350.1   430.9   685.5  1653.4 157181.0   157069
read      205.6    80.4    63.8    99.1   109.1   201.6   245.5   264.2   275.9   290.0   307.6   334.8   394.3   478.3  1273.0  64442.0    64426
read      198.0    61.8    63.8   104.7   116.5   200.3   223.6   235.0   244.7   254.9   270.1   292.9   342.0   438.2   632.1  27104.0    27114
read      202.5    90.1    68.9   105.6   116.7   184.9   224.3   248.6   266.7   287.3   311.9   346.1   423.6   657.8  2365.9 146966.0   146723
read      198.8    80.8    63.8   101.6   111.7   180.4   223.6   250.2   268.8   288.9   312.4   345.0   420.1   559.8   901.1 129250.5   129322
read      198.0    81.4    63.8    98.5   108.2   179.4   227.9   255.3   272.8   291.4   313.2   344.1   411.4   504.2   684.9 112562.0   112436
read      207.3    87.0    63.8   110.1   121.9   190.8   227.8   250.5   267.8   288.2   313.6   350.8   436.6   731.8  2008.6 158739.0   158947
read      199.3    93.9    63.8   102.0   112.1   180.5   223.3   249.4   267.8   287.9   311.8   345.4   423.7   660.3  1477.4 132759.0   132982
read      193.9    57.6    63.8   108.8   123.1   193.3   214.6   226.5   234.5   245.5   258.8   280.6   330.0   414.2  1930.0  17079.5    17205
read      199.7    92.1    68.9   104.9   116.8   202.4   226.7   238.5   247.7   257.7   271.0   291.9   338.4   435.2  2789.2  28772.5    28921
read      205.4    80.9    63.8    99.0   109.4   202.1   245.7   264.0   275.3   289.3   306.1   331.8   391.4   485.2  1020.6  64375.5    64279
read      173.3    64.3    63.8   103.3   115.4   169.3   187.2   197.6   204.9   214.3   227.2   247.7   307.2  1055.8  2145.8   6655.0     6553
read      209.0    73.4    63.8   102.6   114.0   211.0   243.4   259.1   269.7   282.5   297.9   325.4   391.6   496.9   794.4  42045.0    42137
read      199.7    84.7    63.8    99.5   109.6   180.8   228.0   255.3   273.1   292.4   314.9   346.7   419.8   617.4   982.0 114770.5   114977
read      229.9    88.7    63.8   123.8   139.4   215.8   252.1   273.3   289.7   309.4   335.2   374.6   479.3   919.0  1834.1 179102.5   179048
read      207.6    75.4    63.8   105.5   117.7   209.4   236.4   250.7   261.1   272.9   289.4   313.8   367.4   474.1  1945.3  32302.5    32512
read      209.3    81.1    63.8   100.6   111.6   208.9   246.6   264.0   275.2   289.8   307.7   335.1   395.5   499.7  1798.0  52031.0    51984
read      208.4    83.2    63.8    99.8   110.4   206.1   246.6   264.8   276.6   291.0   309.4   338.5   401.9   516.0  1906.7  57251.0    57047
read      200.4    82.8    63.8    97.6   107.3   183.5   234.3   260.1   275.9   293.4   314.8   345.7   414.8   520.1   933.7  96390.5    96225
read      184.6    71.5    63.8   107.6   122.3   182.3   200.8   211.8   219.1   229.1   241.2   262.0   313.0   978.2  1964.2   9810.0     9761
read      208.2    80.6    63.8    99.4   110.1   204.8   247.7   266.5   278.7   292.9   311.3   339.1   400.4   490.7   642.2  59979.0    59992
read      208.9    87.9    63.8    99.3   109.8   201.8   248.5   268.5   281.8   296.3   315.7   344.8   408.8   514.3  1803.4  67718.5    67784
read      201.3    91.4    63.8   100.9   111.0   181.9   227.5   254.5   273.0   293.1   316.6   350.6   425.4   626.3  2709.9 123322.0   123566
read      201.5    82.0    63.8   104.6   115.4   184.0   223.9   248.9   267.4   288.4   313.3   347.2   421.8   597.0  1057.7 142854.5   142985
read      201.5    83.0    63.8   103.5   114.0   183.1   225.0   251.2   270.1   291.1   315.6   350.7   425.8   624.1  1060.2 134703.0   134441
read      210.5    74.2    63.8   101.8   112.9   212.0   247.5   264.3   275.1   289.2   306.9   334.3   393.6   467.9   576.8  48109.0    48150
read      183.4    62.3    63.8   106.6   121.3   180.3   199.6   210.6   217.8   228.3   241.1   263.3   315.7  1057.1  1908.8   8482.5     8405
read      205.8    61.7    63.8   110.5   125.3   206.1   230.1   243.3   252.7   264.8   279.2   303.3   355.8   441.0  1441.7  22499.5    22657
read      202.4    95.8    63.8   104.2   114.9   184.4   225.7   251.0   269.3   290.0   314.7   349.3   423.9   625.1  1666.6 138079.0   138316
read      209.8    91.0    68.9    98.7   109.3   202.1   249.5   270.2   284.2   299.5   318.5   346.8   408.2   505.5  2677.4  68345.0    68078
read      222.3   109.1    68.9   116.9   131.0   206.7   244.6   267.4   284.0   303.9   329.9   369.8   467.6   829.2  2695.3 166604.5   166775
read      205.8    93.7    63.8    98.1   108.1   191.9   243.6   267.4   282.5   298.4   318.7   348.9   415.8   526.3  2787.8  83491.0    83276
read      207.6   107.2    63.8    98.5   108.8   192.3   244.7   269.1   284.8   301.7   322.2   354.8   422.3   540.6  5144.4  82748.5    83068
read      204.6    86.1    63.8    98.0   108.0   189.4   241.9   266.3   281.7   298.1   318.5   348.3   419.0   544.2  1043.5  86979.0    86920
read      207.3    84.3    63.8    98.6   108.9   196.8   246.8   268.9   283.3   298.8   318.8   349.6   413.2   487.3   587.7  75036.5    75292
read      201.0    81.4    63.8   102.5   112.7   182.7   225.6   251.9   270.8   291.4   315.6   349.6   423.6   624.3   838.2 130948.5   131065
read      180.1    96.9    68.9   104.2   117.6   174.2   192.8   202.9   211.7   221.4   234.0   253.4   310.8  1512.8  3907.7   5434.5     5428
read      214.4    74.9    68.9   105.3   117.7   217.7   247.4   262.9   273.4   286.9   303.4   329.9   385.7   484.0  1576.7  36677.5    36693
read      202.7    81.5    54.7   105.4   116.4   185.3   225.5   250.3   268.6   289.5   314.2   348.2   422.1   643.6   958.6 143970.5   144157
read      210.8    91.7    63.8    99.5   110.3   206.8   249.2   268.6   281.7   295.8   315.1   344.3   408.9   543.6  2758.0  59147.0    58995
read      201.0    82.8    63.8    99.4   109.6   182.1   231.0   259.0   276.7   295.7   317.8   350.0   421.6   539.4   753.6 111911.0   111780
read      226.2   101.9    68.9   120.8   135.7   211.4   248.1   269.9   286.2   305.7   331.5   371.2   467.4   897.0  3862.6 173121.0   173092
read      216.4    75.7    68.9   104.3   116.1   220.0   253.2   269.4   280.7   293.5   311.1   336.9   391.9   470.3   614.1  40889.0    40873
read      221.6    93.2    54.7   103.3   115.4   223.1   260.8   278.0   290.2   304.1   320.8   348.8   412.1   726.3  2610.1  47450.5    47593
read      207.5    86.8    63.8   100.4   110.6   189.9   242.8   269.7   286.6   305.0   327.1   361.0   430.8   553.9   927.6  96353.0    96318
read      187.6    66.5    68.9   110.5   124.0   185.1   203.9   214.6   222.3   231.6   244.6   265.7   314.3  1083.7  1615.8   5043.5     5015
read      208.5   120.2    63.8    99.2   109.4   192.4   245.9   271.0   286.6   303.7   324.4   358.4   425.6   525.1  3223.4  86285.5    86828
read      204.9    85.0    63.8   100.8   110.9   186.3   236.8   264.2   281.5   300.1   322.4   357.5   429.8   580.1   791.0 105306.5   105001
read      211.5    84.4    63.8   111.0   122.9   195.2   233.9   258.1   275.4   295.9   320.4   358.6   437.5   748.2  1261.2 152585.0   152564
read      203.4    84.0    63.8   103.3   113.8   184.6   229.1   256.0   274.7   295.0   318.5   352.6   429.9   615.0   909.0 127327.5   126941
read      218.5    91.4    63.8   115.7   129.4   202.9   240.5   263.2   279.5   299.1   324.3   364.1   455.5   864.9  2090.9 165059.0   164964
read      202.6    89.0    63.8    98.8   109.0   184.4   234.6   261.8   278.8   297.0   318.7   351.3   423.0   579.7  1710.0 104201.0   104707
read      200.8    90.8    63.8   100.9   110.9   181.3   227.0   254.2   272.5   292.4   315.8   349.2   427.8   653.7  1693.9 122143.5   121430
read      199.5    82.8    59.1   100.8   110.7   180.6   226.2   253.3   271.7   291.2   314.0   346.2   423.1   601.1   968.6 123312.5   123148
read      202.0   112.2    63.8   100.3   110.3   182.0   229.8   257.7   275.4   294.9   318.2   352.9   430.5   621.6  1916.2 113988.5   114226
read      205.3    82.2    68.9   106.7   117.9   188.2   228.3   252.8   270.9   291.4   316.3   352.6   428.7   642.8  1227.4 146365.0   146363
read      211.8    77.1    68.9   105.9   118.7   214.8   242.9   257.1   267.6   279.2   294.2   318.6   374.1   488.3  2509.4  32968.0    32837
read      209.8    87.4    63.8    98.7   109.0   198.8   250.6   272.9   287.6   303.7   323.1   355.4   423.5   536.1  1173.7  75094.0    74974
read      212.7    69.6    68.9   108.7   121.7   216.0   242.0   255.9   266.3   277.3   293.4   316.8   366.6   439.1   979.6  27808.0    27541
read      211.5    85.2    68.9   111.3   123.6   195.5   233.5   257.3   274.5   295.0   319.7   357.8   436.8   750.6  1749.6 154879.0   155232
read      223.9    86.7    63.8   120.8   135.3   210.0   246.0   267.7   283.6   302.5   327.6   367.2   463.7   827.1  1369.2 174100.5   173952
read      205.7    97.3    63.8   106.1   117.2   187.6   228.4   253.1   271.2   291.6   315.9   351.4   431.2   782.7  3352.5 143021.5   143455
read      216.3    93.1    63.8   115.0   128.5   200.9   237.5   260.4   276.3   296.0   320.7   360.3   449.0   853.3  2173.4 165807.5   165838
read      203.9    92.1    63.8    99.2   109.2   185.1   236.9   263.8   280.6   298.6   320.6   354.7   428.6   578.1  2003.8  99851.5    99639
read      225.4    89.8    68.9   118.8   133.2   210.4   248.5   270.7   287.3   307.1   332.9   373.0   487.3   880.6  1476.5 171169.0   171706

