Timestamp start: 1747216353919
Timestamp end: 1747217194222

#type       avg     std     min      p5     p10     p50     p67     p75     p80     p85     p90     p95     p99    p999   p9999      QPS   target
read      207.9   132.2    68.9   114.7   131.2   193.1   216.1   228.7   237.2   249.4   265.8   294.5   805.1  1462.0  4890.6   8137.5     8195
read      341.7   525.6    74.4   130.6   149.5   250.2   287.8   309.2   325.2   346.2   381.2   488.7  3328.9  5522.2  8031.6 157902.0   158594
read      219.5   160.2    63.8   109.0   120.1   187.7   224.9   248.0   266.2   288.5   318.3   372.8   969.4  1966.6  2946.0 149523.5   149766
read      207.5   201.2    63.8   112.0   127.0   188.3   211.3   224.5   233.7   246.4   263.2   292.4   705.5  3402.1  7722.9  10357.5    10382
read      376.5   445.2    74.4   160.7   184.7   280.1   318.2   342.2   362.8   391.5   444.3  1260.2  2579.6  4868.5  7953.9 170229.0   170548
read      219.4   126.3    68.9   112.4   125.1   194.8   231.5   254.3   272.1   293.9   322.9   374.1   735.5  1432.5  2255.7 150228.5   150565
read      208.6   139.3    68.9   105.3   115.6   180.8   219.5   244.9   264.9   288.7   319.1   369.2   683.1  1349.2  4866.3 137194.5   137144
read      207.4   117.5    68.9   106.7   117.2   181.6   219.0   243.4   262.3   285.1   314.2   362.9   677.7  1331.1  2180.1 144064.5   143496
read      206.3   113.0    63.8   106.4   117.1   181.2   218.2   242.3   261.3   284.1   314.1   362.9   640.5  1303.1  2011.2 144441.0   144743
read      204.5    99.8    68.9   102.0   111.8   178.8   222.7   250.6   271.1   295.1   325.5   374.1   550.3   883.5  1405.5 116318.5   116745
read      207.7   111.1    68.9   104.6   114.8   180.5   221.1   248.0   268.8   293.3   325.1   377.1   622.3  1116.5  1932.8 129485.0   129314
read      210.4   144.3    68.9   106.6   117.4   183.3   221.6   245.8   264.5   286.8   315.4   362.4   664.1  1921.4  2376.2 144840.0   144723
read      203.9    98.1    68.9   102.6   112.3   178.4   222.4   251.0   271.6   295.2   324.6   370.8   523.2   900.2  1381.7 117632.5   117379
read      203.7    99.1    68.9   102.8   112.5   178.4   221.6   249.1   269.8   293.7   323.1   369.5   531.2   965.5  1471.9 120034.5   119931
read      205.4   109.4    63.8   104.3   114.4   179.3   219.3   245.4   265.3   288.8   318.2   367.3   614.5  1201.2  2223.5 131790.5   132052
read      213.5   168.4    68.9   107.4   118.3   184.2   222.2   246.2   264.9   287.4   316.4   366.3   777.3  1862.0  6131.2 143446.5   143350
read      206.5   112.7    63.8   106.3   117.0   181.8   219.0   242.9   261.7   284.3   313.3   360.6   630.0  1336.5  1926.1 143368.5   143518
read      225.2   147.8    63.8   117.2   130.7   202.2   237.4   259.0   274.5   294.2   320.0   365.7   624.5  2177.9  2968.0 173525.0   172981
read      264.6   326.5    63.8   103.3   113.7   198.3   255.6   292.1   320.0   358.5   412.7   518.3  1551.7  4975.0  7679.1  93937.0    94027
read      257.4   268.6    68.9   119.7   134.5   216.6   256.9   280.5   297.9   319.6   350.1   410.3  1428.2  3436.3  7701.4 169333.0   170019
read      240.1   173.3    68.9   123.3   138.7   215.6   251.9   273.3   290.1   310.2   337.3   385.7   723.3  2167.6  7019.5 179232.5   179090
read      247.9   163.2    63.8   102.9   114.3   224.4   272.1   299.9   320.8   345.8   379.0   434.2   867.9  1770.8  2542.2  46840.0    47130
read      234.1   123.4    68.9   111.0   128.5   221.6   255.8   274.1   287.9   303.7   323.9   363.7   689.8  1519.6  1902.1  19463.0    19439
read      353.8   477.8    63.8   115.1   130.6   234.1   282.9   311.9   336.3   372.5   475.7  1392.6  2651.0  4233.5  8023.5 128931.5   128963
read      236.1   138.3    68.9   109.4   125.2   223.3   262.9   284.3   299.6   317.6   341.7   380.1   592.0  1280.7  1669.3  23917.5    23787
read      289.8   270.7    68.9   103.1   114.8   231.6   303.2   346.9   377.4   411.1   456.6   567.0  1535.7  2814.8  7042.9  62093.5    61848
read      292.6   343.8    63.8   107.3   119.3   207.7   266.3   307.5   343.9   400.1   483.4   668.3  1783.3  3984.3  7791.5 102271.0   101968
read      206.7    96.1    68.9   103.0   112.8   181.5   228.3   257.3   277.7   301.6   331.8   377.2   512.5   801.2  1531.1 108582.5   108767
read      276.7   325.2    68.9   105.2   116.5   203.3   262.4   300.5   333.2   379.2   445.9   566.9  1732.4  3768.4  7687.8  97377.5    97139
read      244.5   224.5    68.9   113.3   126.5   202.4   244.1   268.8   287.2   309.7   340.6   401.3  1439.3  2633.5  4823.7 158312.0   158594
read      214.2   145.8    68.9   107.9   118.9   186.2   225.3   249.9   269.0   291.9   321.6   372.6   710.6  1664.5  3992.1 140819.0   141240
read      246.9   138.9    68.9   104.2   116.2   227.5   276.3   304.2   324.8   348.6   379.9   431.2   774.0  1539.3  2332.2  41126.5    41405
read      269.4   190.0    63.8   102.7   114.1   231.4   298.7   336.6   362.9   393.0   431.4   505.1  1079.8  1783.9  4525.5  57715.5    57997
read      327.8   421.2    68.9   112.1   126.8   225.5   275.1   304.3   326.7   358.8   427.5  1295.7  2201.2  4004.4  7761.7 133348.5   133577
read      254.6   160.7    68.9   102.8   113.9   226.9   284.1   317.1   341.9   370.5   407.3   469.0   911.9  1584.1  2423.1  53765.5    53832
read      320.7   418.0    63.8   115.8   130.8   226.6   275.6   304.3   326.3   356.6   410.3  1054.5  2445.8  3828.8  7838.4 139759.0   139832
read      228.6   159.7    68.9   118.1   131.4   203.0   238.3   260.6   276.8   297.2   325.5   374.2   736.6  2178.1  4038.8 170046.5   170515
read      207.1   106.7    68.9   105.1   115.2   181.1   222.4   249.4   269.5   293.6   324.4   373.4   574.2  1087.4  1824.7 128156.5   128494
read      249.4   368.7    63.8   112.5   129.5   221.5   258.7   279.3   294.2   311.3   333.8   372.3   701.7  7404.4 11944.0  20681.0    20789
read      279.3   234.2    59.1   102.3   113.6   228.6   299.9   342.4   371.4   403.3   447.6   537.7  1334.1  2463.1  3761.4  63076.0    63647
read      280.8   233.1    68.9   102.1   113.3   227.8   300.9   343.9   373.7   405.5   450.0   550.0  1370.0  2265.9  3629.8  65041.0    64802
read      267.4   178.9    63.8   102.6   113.7   230.8   298.0   336.3   362.8   392.8   430.5   502.0  1053.2  1795.0  2299.7  55911.5    55719
read      334.6   400.6    74.4   147.2   168.0   264.9   304.4   328.4   346.6   371.7   409.4   508.8  2479.7  4489.1  7834.7 174093.5   174179
read      208.4   117.5    63.8   102.7   112.3   180.9   228.0   256.5   276.8   299.9   328.7   373.1   546.4  1452.1  2641.3 106383.5   106356
read      235.6   161.5    68.9   122.4   137.6   214.0   250.5   272.2   288.8   308.8   335.5   379.1   530.5  2378.3  4452.3 178586.5   178750
read      207.4   113.2    68.9   102.2   111.7   180.1   227.9   257.0   277.3   301.0   330.9   378.6   539.2  1064.9  3538.4 105737.0   105831
read      206.4   102.3    68.9   102.6   112.1   179.8   225.9   254.8   275.6   299.7   330.5   376.8   534.6  1071.6  1632.6 110272.5   110667
read      201.9    92.4    63.8   113.6   129.7   191.8   215.6   229.2   239.1   251.9   269.1   296.6   491.2  1129.1  3139.0   8892.5     8803
read      264.0   176.0    68.9   103.4   115.5   234.6   294.1   326.4   349.7   375.7   408.3   470.0   993.5  1745.2  3341.8  45165.5    45662
read      251.0   145.4    68.9   106.8   121.6   233.0   281.4   306.8   323.8   343.8   371.4   418.7   797.7  1676.5  2034.3  30509.0    30867
read      270.2   188.2    68.9   103.5   115.7   236.0   298.7   332.8   356.3   383.1   418.5   489.8  1080.8  1874.5  3047.3  45439.5    45656
read      320.2   419.8    63.8   108.5   121.3   217.5   281.7   331.2   377.7   438.5   521.4   765.8  2238.7  5248.6  7926.9 100985.5   100938
read      214.1   164.9    63.8   106.0   116.3   184.1   225.6   251.7   271.6   295.1   326.0   374.9   677.5  1971.0  3466.4 132523.5   132360
read      282.9   369.3    68.9   103.3   114.0   216.5   275.1   310.7   337.9   372.9   424.6   536.1  1849.7  5420.0  7941.7  67573.0    67591
read      259.0   172.4    68.9   104.8   118.3   234.8   287.1   314.3   333.7   355.9   384.3   435.0   938.4  1856.0  4811.3  34182.0    33910
read      310.2   387.9    63.8   104.0   115.8   216.6   293.8   352.0   391.6   433.4   488.6   639.5  2179.5  4062.8  7990.9  85400.0    85729
read      225.7   131.2    74.4   117.4   135.9   211.6   240.4   257.3   269.7   284.7   304.8   340.7   696.2  1338.7  7091.2  12972.5    12884
read      266.0   183.5    68.9   103.5   115.6   235.8   296.3   328.9   350.9   375.3   406.5   467.6  1052.4  1859.1  3475.5  45310.0    45621
read      262.4   172.9    68.9   105.1   118.2   236.6   290.5   319.3   339.3   362.4   393.1   450.7  1003.1  1821.3  3988.8  36867.0    36938
read      296.7   377.1    63.8   103.2   114.6   228.7   293.2   332.7   362.7   399.5   450.7   594.3  1626.8  5676.2 11362.4  56838.0    56902
read      322.6   406.5    63.8   108.7   121.1   215.2   273.0   313.7   351.7   421.6   552.1   968.2  2079.2  4670.2  7768.7 102159.5   102243
read      232.5   307.3    68.9   114.3   130.1   201.6   228.6   243.3   253.7   268.5   288.2   320.8  1020.9  5378.4  7970.6  13980.5    14085
read      347.8   497.8    68.9   109.1   122.0   223.7   298.0   362.7   414.7   473.0   569.3   969.3  2423.7  6265.1 10178.8  94280.0    94103
read      270.5   184.9    63.8   102.7   113.9   232.4   301.6   341.4   368.7   398.4   436.6   507.6  1118.0  1712.2  2355.4  58090.5    58175
read      311.6   366.0    68.9   118.0   133.7   231.4   275.4   301.4   320.9   348.5   398.6  1028.4  1741.4  3636.8  7847.8 150584.0   151312
read      269.1   320.2    63.8   101.8   112.1   201.0   262.2   299.2   329.3   369.1   426.0   531.9  1658.4  4076.6  7579.3  83573.5    83333
read      314.2   355.0    74.4   128.9   146.8   250.7   294.2   318.2   337.2   361.3   397.7   528.6  1806.9  3811.6  7765.1 164773.0   165153
read      210.2   129.0    68.9   104.3   114.4   181.1   223.2   250.2   270.6   294.8   326.7   378.6   687.5  1343.5  2576.9 123649.5   123975
read      270.1   614.7    68.9   109.3   124.3   229.9   271.5   295.1   312.2   332.1   358.0   402.5   877.4 14473.0 19848.2  28530.5    28449
read      238.2   264.8    68.9   118.0   136.0   213.9   244.2   261.4   273.2   288.1   306.9   338.8   814.0  4556.2  7836.2  15048.5    14903
read      249.8   198.4    68.9   109.4   124.4   233.1   280.7   305.3   321.0   339.5   363.0   398.9   509.1  2527.0  7423.5  31010.0    31189
read      259.7   275.8    68.9   105.0   117.8   234.7   289.5   318.8   339.2   362.2   390.0   431.6   549.7  3762.2  8996.7  40597.5    40636
read      252.6   286.1    68.9   103.0   113.4   202.6   262.6   297.5   324.7   360.2   409.1   491.3   886.2  4423.1  8084.6  80425.0    80574
read      239.2   261.3    68.9   118.4   132.4   209.4   248.1   271.0   288.5   309.7   338.2   388.0   787.4  2663.8 11882.0 168482.0   168820
read      221.9   156.0    63.8   114.0   127.2   197.0   233.5   256.2   273.1   294.0   320.4   365.9   601.2  2306.9  4186.0 162859.5   162621
read      208.9   126.5    68.9   101.5   110.8   180.3   228.9   258.0   278.3   302.0   332.0   377.7   540.3  1473.2  2732.1 101804.0   101621
read      264.0   202.6    63.8   101.3   112.0   226.9   290.7   328.1   354.4   384.3   421.2   484.0  1141.1  2351.5  3562.2  58601.0    58592
read      338.8   429.1    68.9   125.4   143.4   246.5   289.5   314.6   335.4   364.5   419.3  1266.9  2130.3  3706.2 12048.4 152863.0   153042
read      212.6   134.0    63.8   102.4   112.0   181.2   227.5   256.2   277.0   302.1   334.9   390.1   692.0  1496.2  2912.1 112300.5   112238
read      220.3   167.4    68.9   112.5   124.7   194.1   231.1   254.1   271.6   292.6   319.1   364.9   600.5  2548.6  3895.8 159979.5   160265
read      244.4   148.9    68.9   101.4   111.5   219.0   274.3   305.7   328.7   357.0   394.0   453.1   811.4  1556.9  2178.2  57285.5    57109
read      279.6   278.1    68.9   103.9   115.1   208.7   280.6   334.9   376.7   420.9   473.3   570.1  1485.1  3341.4  7324.7  88266.0    88551
read      197.3   106.9    63.8   112.4   128.4   189.3   211.8   224.6   233.7   246.1   262.1   287.6   382.1  1157.2  7064.4   8452.5     8385
read      250.2   158.1    63.8   104.4   117.7   231.3   282.2   308.5   326.6   347.8   373.9   419.7   715.6  1828.3  3738.7  33921.0    34088
read      339.8   423.9    68.9   110.4   124.1   220.7   274.0   310.8   344.0   411.8   648.3  1247.6  1949.4  4564.9  7826.0 113507.5   113600
read      206.2   120.9    63.8   103.9   113.8   179.5   220.2   246.2   266.1   289.6   318.8   366.6   573.5  1541.6  3035.6 131590.5   131842
read      208.6   118.3    63.8   102.7   112.3   180.7   226.3   254.6   275.6   299.4   329.6   376.7   556.0  1403.8  2541.1 112149.5   112066
read      266.4   253.5    68.9   101.9   112.5   213.5   279.6   319.7   350.8   387.6   433.1   509.0  1350.0  2782.6  7688.0  72379.5    72585
read      286.8   398.6    68.9   110.0   122.4   209.0   255.8   282.4   302.2   327.4   365.5   505.7  2181.8  4734.1  7875.8 133334.5   133669
read      208.5   104.7    68.9   115.2   131.5   199.1   224.6   238.0   249.0   261.9   277.9   306.5   417.9  1463.7  2018.1  11861.5    11820
read      212.9    99.0    74.4   114.5   131.9   203.0   230.4   245.5   256.4   269.9   287.9   316.6   535.0  1231.4  1862.3  12535.5    12639
read      302.2   401.9    63.8   108.4   120.5   207.8   257.3   287.4   311.4   344.5   421.5   901.0  1977.2  4883.0  7795.1 118464.5   118548
read      223.7   157.6    68.9   114.7   127.9   198.9   235.7   258.6   275.1   295.9   323.3   369.0   590.3  2102.5  3879.6 165918.0   165754
read      249.2   233.9    68.9   102.0   112.1   197.3   257.8   295.1   324.0   360.8   409.7   490.0  1154.5  2975.0  4881.2  86524.0    86823
read      221.8   102.5    68.9   111.8   128.4   213.0   244.6   262.3   274.4   289.6   308.8   339.7   456.6  1316.7  1609.2  16927.5    16898
read      317.1   411.3    68.9   110.5   123.3   214.7   263.9   292.5   315.5   348.4   430.3  1206.0  1907.8  4511.9  7733.6 122714.0   123124
read      258.6   226.1    68.9   101.3   111.5   210.2   273.6   312.3   341.1   375.6   421.2   492.7  1282.3  2643.4  4039.6  72429.0    72278
read      267.5   696.1    68.9   101.9   113.1   229.0   289.4   323.0   347.2   374.4   407.0   466.9  1032.7  2115.8 60844.5  47640.0    47757
read      272.9   288.7    63.8   101.3   112.0   226.4   294.2   334.4   362.5   393.5   431.6   500.1  1171.2  4130.9  7911.5  60408.0    60510
read      237.8   144.0    63.8   105.8   121.3   224.0   264.5   286.1   300.9   317.6   340.3   375.3   660.7  1614.7  3828.2  25174.5    25237
read      318.7   414.2    68.9   108.0   120.6   214.4   286.8   350.5   399.9   453.9   520.1   676.7  2312.4  4635.7  7927.8  97654.5    97783
read      240.9   284.3    68.9   103.9   114.4   188.2   235.2   264.1   285.1   310.4   344.0   409.2  1451.2  3768.7  7221.9 118782.0   118966
read      220.0    91.0    74.4   112.7   129.4   210.9   241.3   258.3   270.9   286.3   305.9   338.7   489.9  1186.8  1489.4  16730.5    16631
read      213.5   134.4    68.9   114.3   130.7   199.8   227.0   241.7   253.1   266.9   284.6   314.6   581.6  2243.5  3185.1  11878.5    11743
read      325.7   400.6    68.9   110.0   122.8   216.4   268.8   301.7   331.2   380.2   582.0  1169.0  1996.0  3970.4  7800.8 114446.0   115026
read      211.2   144.0    63.8   104.7   114.9   182.3   224.6   251.5   271.2   294.3   323.5   370.5   614.1  1763.5  3399.1 122719.5   122371
read      191.9    89.7    63.8   110.3   125.4   182.0   202.8   215.2   224.3   234.6   251.0   277.0   446.2  1239.5  1966.9   7318.5     7198
read      237.0   110.0    74.4   107.9   122.8   226.0   267.4   288.8   303.8   320.7   343.3   379.3   602.8  1318.4  1803.3  24791.5    25022
read      287.7   347.1    68.9   119.9   135.6   227.4   271.4   295.7   314.6   338.2   372.2   454.8  2044.0  3600.3  7705.2 157568.5   157513
read      232.6   167.7    63.8   120.2   134.5   209.3   246.3   268.7   285.6   306.0   333.3   379.4   626.7  1991.4  3808.0 171849.0   171975
read      222.8   160.8    68.9   112.6   125.0   195.7   233.9   257.9   275.8   298.1   327.8   376.4   650.5  1997.7  4112.7 155584.5   154918
read      214.2   137.5    68.9   107.7   118.6   186.9   226.9   252.3   271.3   294.3   323.7   370.3   620.9  1832.6  2915.9 139167.5   139185
read      217.8   126.3    63.8   111.7   123.8   193.3   231.4   255.2   273.2   295.0   323.6   371.1   575.0  1761.0  2793.5 152855.0   152724
read      223.3   112.2    74.4   109.5   124.6   212.9   245.1   263.3   276.0   292.0   313.3   347.8   536.2  1461.0  2951.6  20929.0    20845
read      313.1   405.4    68.9   116.7   132.0   229.1   275.8   302.6   322.9   351.5   398.6   726.6  2470.6  4112.7  7717.2 140467.0   140348
read      265.9   299.9    68.9   104.7   115.2   203.0   263.6   299.3   328.2   367.3   423.6   518.6  1520.9  3756.7  7726.7  88667.5    88725
read      273.9   323.4    68.9   111.4   123.9   208.4   256.6   283.9   304.1   329.8   368.8   486.2  1687.3  3567.6  7641.3 133877.5   134088
read      255.1   194.6    63.8   102.8   113.3   217.2   277.2   312.1   338.2   370.2   410.8   481.8  1047.6  2270.6  3623.7  66663.5    66126
read      289.0   374.6    68.9   102.9   114.1   216.6   293.6   344.3   379.8   417.3   464.3   560.3  1662.7  3239.8 17128.3  78407.5    78214
read      257.4   176.7    63.8   101.5   112.3   226.6   288.1   324.9   349.8   377.5   411.0   466.4   936.3  2004.2  3218.7  55619.0    55191
read      264.5   196.8    63.8   101.6   112.6   229.4   292.5   329.1   354.4   383.7   420.7   484.6  1035.9  2279.7  3785.0  54005.0    54081
read      302.9   389.2    63.8   108.8   121.1   207.9   259.8   293.6   322.7   372.9   500.3   788.4  1994.7  4750.2  7744.9 112906.5   112478
read      235.3   136.4    63.8   124.7   139.7   215.3   251.0   271.8   287.7   307.0   333.1   376.4   573.6  1965.4  3208.2 180071.0   179666
read      206.9   116.1    68.9   101.6   110.9   180.7   229.0   257.3   276.6   299.0   326.8   370.3   506.6  1391.1  2622.5 100859.0   100584
read      209.1   130.1    63.8   104.4   114.6   182.2   223.6   249.5   268.7   291.1   319.5   366.6   581.8  1778.0  3023.0 128051.5   127920
read      183.9   101.2    63.8   105.8   119.9   174.6   194.0   205.1   213.6   223.8   237.0   264.6   438.0  1236.9  1984.4   6735.5     6594
read      232.3   109.7    68.9   105.2   120.5   220.4   259.3   280.6   295.4   312.8   335.4   372.0   622.4  1222.0  1866.6  24858.0    25020
read      320.0   450.6    68.9   111.3   125.0   221.4   269.8   296.5   317.7   345.2   396.8  1154.3  2565.4  4676.5  7961.4 129586.0   129587
read      210.0   514.1    68.9   109.7   126.2   186.3   208.5   221.0   230.4   242.1   258.7   288.1   499.2  2257.0 21651.2  10337.5    10277
read      315.1   399.1    68.9   117.7   133.3   234.3   280.9   306.9   326.2   352.4   396.2   712.4  2306.3  3865.3  7768.4 147994.0   148458
read      244.3   183.2    68.9   100.9   110.9   210.5   268.3   301.4   326.8   359.5   401.3   465.3   858.6  1909.2  5678.0  66230.0    66114
read      261.1   171.5    68.9   101.5   112.8   231.6   292.9   327.9   351.9   379.3   413.4   470.1   924.9  1997.5  2705.6  49341.5    49261
read      303.2   390.8    68.9   111.3   124.6   217.0   265.6   292.7   314.0   341.7   391.2   817.9  2220.4  3757.3  7650.2 132599.0   133049
read      208.9   119.5    68.9   102.1   111.7   181.4   228.2   256.3   276.5   299.4   328.5   373.3   566.9  1522.3  2362.4 106818.5   106628
read      227.2   112.1    68.9   106.5   121.2   216.6   253.4   273.6   287.8   304.1   325.6   361.2   534.1  1406.0  1838.5  23482.0    23498
read      282.6   335.0    68.9   106.1   117.3   201.9   260.0   299.4   334.9   390.6   476.9   639.3  1582.7  4374.9  7773.4 103124.0   103564
read      224.5   146.8    63.8   114.5   127.8   199.2   236.4   260.1   277.1   298.1   326.7   373.2   673.4  1955.1  3264.8 161763.0   161774
read      241.7   163.6    68.9   103.2   114.8   222.9   267.4   293.3   312.2   334.5   363.6   410.9   725.7  1854.8  4700.4  39008.5    39037
read      308.6   365.8    68.9   126.3   144.2   246.7   290.7   315.4   334.7   359.4   396.6   497.3  1956.7  4154.1  7816.0 163989.0   163622
read      216.7   160.3    68.9   106.5   117.1   186.2   227.4   252.8   271.9   294.7   324.2   373.0   765.4  2143.7  3621.0 132687.5   132405
read      214.6   157.0    68.9   105.7   116.1   183.9   224.8   250.8   270.4   294.0   324.4   374.6   720.7  2085.1  4300.3 131277.5   131596
read      230.6   168.2    68.9   119.4   133.5   206.7   242.8   264.7   280.6   300.4   327.1   372.0   608.4  2665.1  3932.4 174645.0   174543
read      250.0   274.7    63.8   102.5   112.6   196.0   253.3   288.3   314.8   348.8   398.5   477.9  1214.1  3872.3  7660.2  90607.0    90567
read      248.7   261.3    68.9   104.3   114.7   190.5   238.6   269.0   291.9   320.3   367.5   527.1  1400.2  3152.0  6800.6 116716.0   116582
read      210.9   185.2    68.9   109.9   127.3   198.2   222.9   236.1   247.0   259.4   275.4   306.8   458.8  3085.4  7032.0  14032.5    13888
read      275.9   290.4    68.9   108.5   120.3   199.9   251.3   288.3   320.2   372.2   469.4   684.9  1516.3  3317.0  7200.0 119147.5   119224
read      215.2   152.7    68.9   111.3   123.1   191.1   227.7   250.1   267.3   288.3   315.9   361.7   520.2  2124.6  4123.5 156451.5   156471
read      222.3   172.5    68.9   114.5   127.7   198.0   233.7   255.8   272.2   292.6   319.6   366.4   542.2  2459.3  7193.9 164263.0   164013
read      234.0   118.8    63.8   103.3   115.0   221.0   266.4   291.1   308.9   329.5   356.0   398.0   541.4  1408.1  3257.6  42045.5    41909
read      324.4   407.1    63.8   112.8   126.9   218.4   263.9   292.1   316.0   352.9   463.0  1260.2  1946.5  3840.6  7803.7 128467.0   128280
read      206.9   114.8    68.9   103.0   112.7   180.4   227.3   255.6   275.6   298.0   326.2   369.2   517.2  1249.8  2873.9 107178.0   107066
read      245.1   150.8    63.8   101.7   113.4   225.1   277.6   306.6   326.5   348.5   375.8   424.6   731.2  1755.8  3934.0  45970.5    46119
read      199.8   123.2    63.8   110.3   126.4   189.7   213.5   226.6   235.3   247.5   263.4   291.3   448.5  1239.0  5967.4  10170.5    10227
read      194.3    91.5    68.9   109.3   124.0   186.3   210.3   223.3   232.6   244.5   259.5   285.5   385.6  1088.0  3184.9  10988.0    10870
read      347.8   479.1    63.8   123.5   141.1   239.4   280.0   305.0   325.3   356.5   420.9  1294.0  2884.6  4738.8  8012.1 146388.0   146664
read      214.9   105.0    63.8   109.3   124.1   206.3   235.1   251.8   263.9   277.0   295.3   326.8   463.0  1413.9  3560.5  20005.0    19865
read      283.5   307.3    63.8   107.7   119.6   203.9   259.9   297.9   333.3   387.0   474.2   683.0  1654.0  3304.1  7436.7 113372.5   113409
read      241.4   142.1    68.9   100.6   110.8   211.7   273.1   308.8   334.4   363.7   398.9   454.0   733.4  1487.5  1739.3  70801.5    70623
read      248.7   163.7    68.9   101.0   111.9   223.4   280.2   312.5   334.7   359.7   390.9   440.3   833.8  1788.7  4044.8  52668.0    52633
read      246.6   204.1    63.8   104.8   115.6   195.8   251.3   288.5   317.9   358.2   415.3   505.6  1009.4  2386.1  3413.9 104722.0   104630
read      246.4   282.8    68.9   102.5   114.1   222.5   271.2   297.0   315.4   337.3   364.5   406.1   684.5  3069.6 10607.2  42612.0    42594
read      276.9   269.0    63.8   103.3   114.3   206.9   281.0   337.7   375.0   414.3   460.3   545.8  1569.0  2899.0  6970.8  95139.0    95196
read      246.7   145.7    63.8   101.3   112.1   223.3   280.6   312.7   334.4   358.8   388.8   437.2   789.4  1569.7  2054.8  52244.0    52243
read      239.2   141.5    63.8   103.4   115.7   223.2   270.5   294.7   311.8   331.2   355.8   396.7   659.9  1683.4  3139.6  36933.5    37031
read      237.0   120.9    63.8   102.2   114.0   222.1   272.0   297.6   315.1   335.1   360.3   399.0   574.2  1328.0  1816.0  40016.0    39878
read      260.4   251.8    68.9   106.7   118.2   199.0   253.0   291.9   325.5   372.4   438.3   549.1  1293.5  3286.4  4656.8 110496.0   110750
read      189.2    81.1    68.9   108.1   123.4   182.1   202.5   214.7   223.6   233.9   249.7   274.8   392.4  1092.5  3077.3   8234.0     8231
read      257.1   177.0    68.9   101.4   112.0   221.7   285.9   324.0   349.4   378.0   414.2   475.5   987.2  1876.7  2807.0  63378.0    63638
read      274.0   255.9    63.8   103.2   114.2   208.2   281.2   333.5   369.2   407.7   455.6   543.6  1462.5  2862.9  3918.7  90139.0    90167
read      249.7   170.1    68.9   101.7   113.0   224.6   281.8   313.0   334.4   358.6   389.1   437.8   807.1  1802.8  2991.6  50314.0    50555
read      208.8    83.2    68.9   109.7   125.9   203.4   230.4   245.4   256.0   269.5   286.8   313.9   389.5  1128.1  2005.4  16042.5    15997
read      244.8   139.3    68.9   102.5   114.3   225.5   277.8   305.3   324.1   345.8   372.7   420.0   761.4  1595.2  2750.9  42948.5    43089
read      196.7    88.7    63.8   110.0   125.3   190.3   214.0   226.8   235.4   247.6   263.4   290.7   369.6  1056.0  2481.4  12219.5    12188
read      262.2   202.8    54.7   101.9   112.5   215.0   285.4   329.0   358.7   391.0   429.6   499.1  1177.4  2200.1  2758.0  76430.0    76615
read      280.7   409.3    68.9   113.6   127.2   211.1   252.1   275.7   294.3   317.5   352.0   432.8  2911.9  4666.1  7823.6 143690.0   143480
read      241.7   155.0    63.8   101.6   112.0   214.0   270.8   302.2   325.2   352.6   388.2   443.5   797.7  1701.5  3781.2  64074.5    63793
read      260.8   240.8    63.8   101.8   112.6   218.0   286.0   326.8   354.8   385.4   424.2   492.1  1020.5  2042.2 11339.7  71955.0    71996
read      239.1   131.4    68.9   102.2   113.7   223.1   274.4   301.7   319.5   340.9   367.4   407.6   602.0  1265.3  1728.6  41803.5    41778
read      221.1   100.1    63.8   107.6   122.8   212.8   246.3   264.1   276.0   291.8   312.5   346.5   470.7  1222.2  1834.6  21839.0    21860
read      242.2   144.1    59.1   101.6   112.8   221.7   274.6   303.8   323.5   345.5   373.0   420.1   696.2  1791.1  3180.4  45402.0    45582
read      270.7   247.1    68.9   102.4   113.3   212.5   284.9   333.0   364.9   399.1   442.5   522.1  1329.6  2838.5  5463.1  81859.5    81972
read      247.1   215.4    68.9   102.4   114.1   224.9   276.9   305.2   324.2   344.9   371.7   419.2   773.7  1668.9 11585.4  42656.5    42852
read      247.8   148.4    68.9   101.3   112.1   224.2   281.0   313.0   334.8   359.3   389.8   439.3   773.4  1561.1  2194.1  51560.0    51852
read      262.0   293.9    68.9   106.5   117.6   198.0   252.3   290.5   321.7   367.5   436.0   559.0  1317.3  2967.0 12233.8 109114.5   109368
read      245.3   144.0    63.8   101.3   112.1   221.3   278.2   310.8   333.4   359.3   391.2   441.6   768.6  1520.9  2393.8  55730.0    55794
read      234.5   119.0    68.9   102.4   114.2   220.1   267.4   291.7   308.9   328.3   352.6   394.6   592.1  1456.2  1868.8  35428.0    35534
read      284.4   248.8    68.9   105.0   116.9   210.3   285.7   341.9   381.3   427.9   494.5   670.9  1285.8  2513.3  3642.4  90564.0    90576
read      273.4   239.5    63.8   104.7   116.1   207.7   283.3   341.3   379.6   418.9   465.3   547.7  1284.7  2839.9  3742.3  95386.5    95085
read      254.8   256.8    68.9   104.7   115.4   198.3   255.0   292.0   321.1   360.4   414.8   507.6  1245.1  3463.0  7256.9 100020.0   100029
read      247.9   158.8    63.8   100.7   110.9   213.5   279.2   318.6   346.5   376.4   412.7   469.5   800.5  1577.0  3742.2  72485.0    72551
read      256.1   175.4    63.8   102.2   113.0   211.5   284.3   330.1   361.0   393.9   433.3   499.9   923.4  1763.9  3732.5  84701.5    84629
read      255.4   193.0    68.9   101.1   111.7   214.4   283.1   323.8   352.3   383.3   420.8   481.5   993.2  1895.3  5140.7  74010.0    74136
read      296.4   456.3    68.9   110.8   123.3   205.6   247.3   271.9   291.0   315.4   353.7   520.5  2908.1  4323.9  7945.3 130553.0   130756
read      243.2   152.9    68.9   101.7   112.0   211.3   272.9   307.3   332.0   361.5   398.5   459.7   793.1  1618.9  2584.1  70089.0    69916
read      249.3   153.9    63.8   100.0   110.4   214.8   282.7   323.9   351.9   381.8   418.1   473.9   799.3  1630.1  2084.2  71918.0    72019
read      256.2   182.0    63.8   101.8   112.4   211.9   284.0   329.0   359.8   392.8   431.2   494.3   962.2  1883.0  4183.4  78138.5    78070
read      251.6   207.8    68.9   105.0   115.8   197.6   256.2   297.0   330.5   372.4   427.9   512.2  1150.5  2345.5  3921.9  99705.5    99548
read      235.5   137.2    63.8   102.6   115.0   221.6   266.7   290.2   306.7   325.4   349.1   390.8   572.4  1727.3  3462.1  36635.5    36393
read      345.5   394.1    63.8   149.6   172.4   268.2   308.7   334.0   354.6   383.9   432.8   635.3  2494.3  4175.9  7831.1 172851.5   172591
read      190.2    83.3    74.4   109.6   123.9   183.0   202.5   214.7   223.5   233.7   249.2   273.8   396.6  1095.1  3031.2   8392.5     8325
read      266.9   236.3    68.9   102.0   112.5   216.8   286.3   328.8   358.7   390.8   429.4   498.5  1320.1  2690.2  7002.9  73440.5    73684
read      244.4   143.0    68.9   101.4   112.5   223.1   277.8   308.8   329.6   352.7   380.2   426.1   725.9  1599.2  2228.5  48464.5    48420
read      184.1    79.4    63.8   106.1   120.2   176.3   196.3   208.0   216.5   227.8   243.4   271.2   371.7  1065.6  3069.8   6780.0     6828
read      290.3   317.9    68.9   110.4   122.6   204.5   254.6   291.5   325.7   385.3   511.5   780.4  1595.9  3298.4  7678.7 118097.0   118747
read      189.4   157.9    63.8   105.8   119.7   176.8   196.1   207.6   216.0   226.7   240.6   269.3   461.0  2032.3  7709.0   7135.0     7123
read      330.6   363.3    68.9   147.2   168.6   264.0   302.5   325.8   344.3   369.8   410.0   543.6  1963.0  3712.5  7815.4 175087.5   175577
read      211.5   130.8    68.9   108.5   119.4   186.4   224.1   247.4   265.3   286.7   314.4   360.4   619.8  1916.6  2499.0 147582.5   147498
read      227.6   108.2    68.9   103.5   115.5   216.9   257.4   279.5   295.5   314.6   338.9   376.7   512.0  1124.0  2659.0  35917.5    35814
read      249.8   161.8    63.8    99.8   110.3   219.6   281.3   316.5   340.9   367.5   400.3   458.5   883.6  1783.5  2491.0  59690.0    59488
read      313.6   454.3    63.8   129.9   148.1   243.3   280.6   301.9   318.1   339.4   370.3   436.8  3241.6  5273.0  7892.1 167767.0   167483
read      239.6   200.5    68.9   102.4   112.5   195.5   253.1   288.0   314.7   347.4   393.6   467.1   930.2  2410.9  3682.0  88908.5    88988
read      188.7    95.1    63.8   108.8   123.1   180.7   203.3   216.0   225.3   235.4   251.3   277.5   367.7  1049.7  3774.8   9920.5     9869
read      269.4   292.6    68.9   106.0   117.3   197.4   249.9   287.2   319.5   369.5   449.1   605.6  1497.5  3644.7  7408.1 111483.0   111786
read      240.8   200.3    68.9   101.6   111.7   192.7   253.6   293.8   323.3   360.0   405.4   475.8   937.2  2381.4  3753.7  92820.0    92736
read      269.4   228.6    68.9   129.5   145.9   232.4   271.5   293.8   311.2   332.6   363.4   426.0  1418.1  2860.2  5424.7 178915.5   178657
read      202.9   102.0    63.8   101.8   111.2   178.4   223.1   250.9   270.8   293.5   320.6   364.1   487.0  1148.4  1806.8 108833.0   108877
read      213.5    85.4    63.8   108.2   124.0   206.0   236.0   252.5   264.6   278.1   296.5   329.0   453.1  1142.8  1559.6  19129.5    19091
read      254.4   178.6    63.8    99.5   110.0   217.8   283.8   322.5   349.0   378.3   415.4   475.7   995.8  1876.4  2730.0  65999.5    65772
read      263.0   224.1    63.8   100.0   110.6   210.5   284.5   329.4   360.3   394.6   435.8   509.1  1169.4  2671.0  4167.6  79104.0    79060
read      253.0   240.8    63.8   102.7   113.3   193.9   251.1   290.7   323.8   367.8   426.2   519.3  1285.7  3048.0  5986.3  99961.0    99953
read      222.0   127.8    68.9   105.9   119.7   213.0   247.9   266.5   279.3   294.2   314.1   344.5   470.3  1202.4  5776.1  24314.5    24354
read      345.5   434.4    68.9   121.3   138.6   239.4   283.4   311.4   335.4   371.2   462.7  1305.8  2231.7  4447.9  7787.6 144110.0   144236
read      219.7   135.9    68.9   114.8   128.2   198.2   233.6   255.2   271.7   292.0   318.3   363.1   521.8  1908.0  3411.9 167957.5   168093
read      222.6   159.9    68.9   111.4   126.6   212.5   238.1   252.3   263.3   275.2   295.0   328.9   513.3  2455.6  5877.5  22109.5    22028
read      247.8   170.4    68.9    99.8   110.0   209.4   275.9   316.5   344.9   376.5   413.0   469.8   851.6  1941.3  3009.8  77147.0    77499
read      278.5   416.0    68.9   109.4   120.9   199.5   241.3   267.3   287.5   313.8   354.7   566.4  2363.0  4403.7 12309.3 128263.0   128271
read      211.6   148.1    68.9   105.3   115.7   183.1   224.4   251.0   270.7   294.2   324.1   373.7   670.1  1547.4  3571.3 126345.5   126673
read      238.8   130.0    68.9   102.4   113.8   224.2   270.5   295.5   314.2   336.1   363.6   404.4   648.1  1569.9  3146.7  43570.0    43605
read      253.2   235.3    59.1   104.0   114.8   196.8   252.9   291.6   322.0   363.3   420.2   520.3  1207.9  2879.9  4739.0 103171.0   103217
read      283.6   342.9    68.9   104.2   115.3   205.0   264.6   303.3   335.3   377.2   442.2   597.8  1884.5  3643.8  7783.7  93426.0    93706
read      223.2   107.4    68.9   106.2   120.1   217.0   250.4   267.7   279.8   294.3   314.1   345.5   464.9  1396.8  2720.9  23429.0    23247
read      259.4   195.4    63.8   101.0   111.3   213.8   283.5   327.3   357.6   390.7   431.5   502.8  1066.1  2105.7  3165.3  77792.5    77378
read      189.5    70.0    68.9   108.4   123.3   184.2   206.1   218.2   227.4   236.8   251.4   274.1   354.8  1014.2  1280.0  10562.5    10495
read      240.9   259.0    68.9   107.0   118.4   191.9   232.9   258.5   277.0   300.6   333.8   400.6  1560.3  3066.4  4447.4 134288.5   134841
read      204.9   109.2    63.8   103.0   112.8   179.8   222.7   249.6   269.3   292.1   320.1   365.2   505.2  1392.3  1960.8 120519.0   120602
read      229.4   122.8    68.9   100.7   112.3   217.4   259.2   282.1   298.5   317.3   341.4   380.9   617.0  1292.6  2535.8  37114.5    36975
read      278.7   326.8    68.9   113.8   127.9   211.6   252.4   276.9   296.1   320.7   360.8   513.8  1715.3  3509.0  7285.2 150977.0   151323
read      203.8    97.0    63.8   101.7   111.1   179.6   227.1   255.6   275.3   297.3   324.3   365.4   480.0   973.2  1653.5 105164.0   105217
read      206.6   115.5    63.8   102.6   112.3   180.4   226.6   254.5   274.6   297.6   326.5   371.2   523.9  1166.0  2036.2 110457.0   110653
read      207.9   119.2    63.8   104.5   114.6   181.3   222.5   249.2   269.1   292.4   321.4   368.6   601.6  1458.1  2496.4 127369.5   127593
read      205.8   109.2    63.8   102.0   111.3   180.9   230.1   258.7   278.0   299.5   326.4   368.5   499.1   965.2  2136.7 100805.5   101096
read      214.8   127.8    68.9   111.6   123.6   192.3   228.9   251.4   268.8   289.6   316.6   361.6   521.9  1761.1  2904.1 158966.5   158958
read      207.9   143.4    63.8   104.2   114.6   181.2   220.5   245.9   265.2   287.9   316.3   362.8   590.0  1762.9  6068.9 136541.5   136541
read      215.2   116.8    68.9   113.6   126.2   194.8   230.2   251.9   268.5   289.0   315.8   360.6   519.0  1459.5  2660.9 165135.0   164999
read      216.6   138.4    68.9   112.9   125.6   194.8   231.0   253.2   270.0   290.2   316.3   359.9   496.5  2039.5  4045.6 164312.5   164911
read      235.4   178.9    68.9   101.1   110.9   195.0   254.1   288.9   314.6   346.3   390.2   457.4   781.8  2273.3  4044.7  88026.0    87904
read      249.3   232.4    68.9   119.2   133.7   213.9   252.5   275.2   293.1   314.8   344.3   400.2  1250.7  3329.0  3964.1 169220.5   169356
read      232.6   150.8    68.9    99.8   109.7   207.2   262.2   291.3   312.8   339.0   373.1   428.1   650.0  1897.1  3027.2  67798.0    67870
read      264.6   265.8    63.8   121.6   137.3   221.7   262.0   285.2   302.6   324.0   355.9   420.3  1487.2  3415.5  6176.7 167544.0   167602
read      223.1   134.0    68.9   117.2   130.8   202.9   237.9   259.6   275.3   295.2   320.8   365.4   504.9  2085.0  2979.2 170028.0   170450
read      240.6   173.6    63.8   101.5   111.4   207.8   266.0   297.2   319.8   347.7   385.6   447.7   850.7  2047.1  3740.4  73175.5    72942
read      204.6   110.9    68.9   109.5   126.2   197.4   222.9   236.3   246.7   258.0   273.3   299.4   394.2  1096.9  4314.3  13824.0    13873
read      244.2   142.4    68.9   101.5   113.0   225.2   277.0   305.2   323.9   345.5   373.5   422.1   726.5  1682.4  2945.2  45386.0    45295
read      276.6   333.7    68.9   119.1   134.5   221.5   263.0   287.0   305.2   328.2   363.2   439.0  1837.4  3633.0  7566.1 157334.0   157697
read      208.2   119.4    68.9   104.0   114.0   182.2   226.0   253.2   273.3   296.1   323.9   368.0   509.4  1568.6  3008.8 117302.5   117232
read      210.3   127.9    68.9   102.2   111.8   182.5   231.8   260.7   280.7   303.1   331.1   374.3   536.7  1477.0  3685.9 101020.0   101152
read      245.2   141.8    63.8   100.3   111.4   224.3   278.4   309.1   329.6   352.9   382.9   430.8   727.9  1671.0  2153.7  50465.5    50333
read      280.7   344.3    68.9   112.0   125.3   209.1   252.3   277.9   297.3   322.8   364.5   538.7  1819.8  3455.8  7404.1 136566.5   136447
read      220.0   137.5    68.9   112.8   125.3   195.4   232.6   255.8   273.1   294.5   323.3   373.0   593.7  1829.3  3208.7 158348.0   158298
read      238.4   149.4    68.9   101.8   112.0   210.9   267.6   298.2   321.0   349.7   385.9   440.5   707.7  1671.2  2612.8  69278.5    69328
read      280.0   308.8    68.9   124.7   140.8   227.8   268.0   292.0   310.9   335.5   372.7   461.9  1664.0  3547.5  7046.9 164511.5   164566
read      234.2   131.8    63.8   102.2   112.5   208.9   265.7   296.3   318.4   344.5   380.2   434.4   608.6  1400.0  1996.4  71196.5    70740
read      245.4   214.1    68.9   104.2   114.7   193.3   247.0   282.0   310.1   346.6   401.9   499.3  1191.2  2626.7  3624.1 106579.5   106915
read      216.5   149.1    68.9   105.7   116.3   185.9   228.0   254.3   273.7   297.3   328.8   381.5   738.9  1908.7  2637.4 126851.0   126425
read      236.3   142.8    63.8   101.5   111.4   203.4   265.9   301.3   326.2   356.6   394.6   450.9   666.8  1439.6  2745.9  79202.5    79083
read      250.1   329.2    68.9   110.7   122.9   198.7   238.0   262.3   280.1   302.8   334.9   396.8  1744.1  4175.7  7787.2 143369.5   143445
read      224.4   135.4    68.9   116.4   129.9   202.0   238.7   261.7   278.7   299.9   328.3   375.9   553.4  1952.4  3232.1 165071.0   165502
read      233.2   126.3    59.1   102.6   114.2   221.7   264.2   287.1   303.9   323.8   349.6   392.1   548.4  1457.2  3159.2  40662.5    40820
read      227.0   112.6    68.9   104.9   118.8   218.4   254.1   272.6   286.1   301.3   320.9   356.5   531.2  1530.2  2133.2  25205.0    25097
read      227.0   110.1    68.9   104.9   118.6   218.9   255.1   273.8   287.9   303.9   323.5   360.1   504.0  1261.4  2437.9  26825.0    26808
read      262.6   210.6    63.8   101.9   112.5   219.6   286.9   326.6   354.3   385.4   424.7   491.4  1147.7  2402.0  4022.2  73275.0    72990
read      248.7   225.5    63.8   107.1   118.3   196.5   246.2   279.4   306.7   342.8   398.5   508.8  1127.6  2842.3  4956.3 114095.0   113963
read      241.6   185.0    68.9   104.2   114.8   197.8   255.8   291.8   319.1   354.0   400.4   475.4   880.8  2038.6  3592.0  97798.5    97475
read      218.5   101.6    68.9   107.2   122.8   208.6   238.1   254.4   266.4   280.4   300.0   339.6   558.7  1384.2  1737.0  18569.5    18649
read      264.4   296.7    63.8   114.9   129.1   210.7   251.5   275.3   294.5   318.5   355.9   447.4  1694.5  3306.9  7586.4 150023.0   150293
read      211.5   126.8    68.9   104.8   115.1   184.5   228.8   256.3   275.8   299.0   328.3   373.3   543.9  1571.6  3049.7 119302.0   119407
read      240.8   163.6    68.9   101.9   112.1   203.8   265.3   300.5   327.0   358.7   397.6   459.3   789.1  1995.9  2770.7  80312.0    79895
read      276.3   323.4    68.9   111.6   124.2   207.3   250.4   275.6   295.6   320.9   362.2   547.6  1657.9  3497.6  7275.4 137059.5   137569
read      212.0   117.4    63.8   104.3   114.5   184.8   231.6   260.3   280.3   303.4   332.7   378.3   572.3  1275.9  2565.7 110039.0   109784
read      242.9   153.7    68.9   100.6   111.7   221.7   273.3   302.3   322.2   346.0   376.1   425.3   784.3  1811.7  3279.3  52266.5    52195
read      273.8   254.9    68.9   104.2   115.5   207.6   280.8   336.1   374.0   413.2   460.0   545.2  1390.5  2786.8  5121.4  97110.0    97072
read      261.0   213.9    68.9   101.1   111.6   214.7   281.8   322.1   351.4   383.7   423.6   493.9  1182.9  2374.5  3948.2  75228.0    75134
read      268.3   230.8    63.8   103.3   114.3   203.9   277.0   333.4   371.5   410.5   458.5   545.5  1283.0  2504.8  4055.1  96637.5    96879
read      260.2   248.8    68.9   118.2   132.6   215.1   255.7   279.9   298.3   321.5   357.2   433.1  1473.0  2858.4  5068.8 160371.5   160599
read      238.9   152.9    63.8   101.7   111.8   209.2   266.7   298.2   321.3   350.3   388.3   449.0   726.0  1725.6  2768.8  71157.5    71249
read      255.1   178.1    68.9   101.2   111.8   213.9   282.8   324.8   353.5   385.6   425.8   492.2   940.1  1899.8  3211.0  78533.0    78672
read      251.0   157.7    54.7   101.0   111.8   220.5   283.4   319.7   344.8   373.1   408.8   465.3   824.1  1680.4  2741.5  66541.0    66141
read      297.3   343.1    74.4   122.4   138.8   229.4   271.9   297.3   317.6   344.8   391.4   561.6  1756.0  3714.0  7650.5 156829.0   157119
read      229.4   136.7    68.9   104.1   116.5   218.8   254.1   273.8   288.5   305.7   328.1   366.2   606.6  1792.5  3450.3  32347.5    32402
read      306.1   365.4    68.9   111.0   124.1   210.8   259.7   292.6   321.0   367.8   500.4   965.5  1736.1  3720.0  7716.2 120752.5   120835
read      208.4   102.8    68.9   102.9   112.5   183.7   232.4   261.4   281.1   303.2   330.8   373.4   505.3   984.8  1845.0 101466.5   101524
read      238.6   143.3    68.9   124.3   139.5   215.5   252.0   274.2   291.7   313.3   343.1   397.9   631.3  2232.6  3464.2 177457.0   177702
read      213.7   121.4    68.9   110.7   122.4   190.6   227.7   250.6   268.3   289.7   317.8   365.2   540.9  1656.6  2706.9 154969.0   154983
read      223.3   122.9    68.9   117.7   131.5   202.8   238.0   259.9   275.7   295.9   323.7   372.3   546.5  1654.0  2880.6 175546.0   175537
read      239.4   162.5    68.9   124.2   139.4   215.7   252.3   274.2   291.6   313.0   342.1   395.0   603.0  2411.8  4321.3 177354.5   177715
read      221.4   121.0    68.9   105.4   118.6   213.7   245.9   263.5   275.4   290.8   310.7   343.2   471.3  1535.9  3711.8  26043.0    26001
read      275.1   360.2    68.9   117.0   132.0   217.5   257.1   280.4   297.7   320.0   353.5   428.0  2420.0  3661.4  8224.3 159967.5   159885
read      214.3   134.5    68.9   109.0   120.0   188.3   227.0   251.3   269.7   291.9   320.3   368.8   607.7  1741.1  2940.0 144757.0   144266
read      206.5   125.2    63.8   106.1   116.7   182.4   220.1   244.5   263.2   285.5   313.9   358.9   526.2  1492.2  2461.7 142383.0   142386
read      231.8   110.6    68.9   102.4   113.9   220.9   264.9   288.6   305.4   324.4   349.0   389.8   522.7  1262.6  1967.1  39622.0    39646
read      248.6   177.0    63.8   100.0   110.9   221.4   283.6   318.6   343.0   369.4   401.1   452.1   737.5  1795.4  3305.7  63578.5    63535
read      245.0   219.5    63.8   104.4   115.2   192.6   244.4   279.2   307.0   342.3   397.8   506.1  1145.1  2800.6  3731.3 111998.0   111750
read      235.9   142.9    68.9   123.0   138.3   214.0   250.4   272.2   289.1   309.8   338.5   389.2   598.2  2194.1  3424.9 178910.0   178544
read      211.6   136.1    63.8   106.7   117.7   184.7   223.5   247.8   266.5   289.0   318.1   366.6   636.5  1765.5  3050.0 143484.0   143598
read      205.8   114.7    68.9   103.1   113.2   180.4   222.8   249.7   269.8   293.2   322.3   368.4   507.9  1293.3  2578.3 123594.0   123314
read      207.6   141.4    68.9   102.2   112.0   179.5   223.7   251.2   271.3   293.9   321.8   367.6   540.4  1664.9  3915.7 116706.0   116900
read      207.1   114.3    68.9   102.8   112.6   181.0   226.6   255.0   275.0   298.1   327.4   373.4   532.9  1202.6  2353.0 111938.5   111580
read      208.0   114.8    68.9   104.8   115.0   182.5   224.0   250.0   269.7   292.9   321.4   368.1   561.5  1376.4  2705.7 129141.5   129042
read      208.9   127.2    63.8   104.5   114.7   181.9   223.8   250.1   269.8   293.0   322.1   369.7   600.0  1447.2  2947.6 129331.5   129909
read      225.8   124.2    68.9   119.9   133.9   205.5   240.4   262.0   278.0   297.9   325.5   372.7   543.4  1616.8  2872.3 176530.5   176569
read      206.2    75.6    68.9   106.7   121.6   201.4   227.8   242.5   253.2   267.1   284.9   314.1   398.2   920.7  1259.9  18724.5    18561
read      264.8   251.0    59.1   100.5   111.2   208.1   275.6   318.7   350.2   385.1   428.1   505.0  1428.1  2738.8  7307.9  82501.5    82982
read      242.6   137.5    68.9   100.2   110.8   222.7   278.4   309.8   331.4   355.1   384.4   430.1   672.5  1368.0  3591.3  53200.0    53156
read      273.5   325.0    68.9   112.3   125.7   207.9   250.9   276.4   296.2   322.2   364.0   508.5  1790.9  3445.0  7576.3 141026.5   141177
read      219.4   138.9    68.9   105.0   118.6   209.3   241.1   259.0   271.6   287.2   306.8   339.0   469.0  1745.4  4552.7  24543.5    24545
read      209.4   104.4    68.9   106.0   121.1   201.6   230.0   245.6   256.6   270.0   287.4   315.1   430.9  1424.9  3440.2  17930.0    18002
read      237.2   248.9    63.8   104.7   115.8   188.7   230.6   255.7   274.9   298.7   332.0   402.9  1499.3  2963.6  4269.8 131316.5   131807
read      231.8   120.7    63.8   100.4   111.8   218.7   263.0   287.8   305.3   325.0   350.5   394.7   597.0  1392.3  1954.4  43198.0    43050
read      243.5   145.9    68.9    99.4   110.4   221.6   276.0   307.2   328.3   351.6   380.4   427.7   762.3  1661.4  3097.0  51288.5    51137
read      283.0   383.5    68.9   118.5   134.3   221.0   259.0   281.6   298.7   320.7   354.9   431.6  2694.4  4194.5  7822.8 163823.0   163650
read      235.1   152.7    63.8    99.6   109.7   209.5   264.3   294.3   316.5   343.6   378.8   431.8   717.1  1752.1  3425.4  66263.0    66060
read      217.1    91.0    63.8   105.1   119.4   210.3   242.3   260.2   272.5   287.0   305.0   335.7   465.9  1137.5  1489.9  22182.5    22129
read      212.2    89.1    59.1   106.9   122.2   205.5   234.6   250.6   262.2   274.9   293.2   323.3   443.4  1250.9  1686.5  18857.0    18840
read      240.8   154.5    68.9   100.0   111.1   220.5   270.4   298.7   318.6   341.3   370.0   417.7   757.9  1839.5  3256.4  47654.0    47897
read      273.5   320.5    63.8   109.0   120.9   202.0   246.1   272.8   293.9   321.4   368.9   639.5  1705.3  3404.7  7254.5 132947.0   132763
read      213.0    97.2    68.9   104.3   117.8   206.1   235.5   252.8   265.1   278.7   296.7   329.1   455.1  1257.0  2111.2  23152.5    23044
read      277.6   300.0    63.8   123.0   139.3   226.0   264.5   286.7   303.8   325.8   360.2   445.3  1626.3  3458.5  5487.6 171463.0   171915
read      209.9   125.6    63.8   106.7   120.9   202.0   229.7   245.2   256.0   269.4   286.8   314.7   405.4  1684.0  7044.2  19407.5    19334
read      276.1   349.5    63.8   105.5   117.3   197.5   243.2   271.6   294.4   325.3   381.1   717.1  1691.7  4128.5  7742.2 125103.0   125579
read      227.3   102.1    59.1   102.0   114.4   218.5   259.0   280.6   295.9   314.4   337.6   372.5   495.0  1195.0  1670.9  34567.5    34383
read      288.6   357.1    68.9   117.1   132.3   220.0   259.9   283.6   301.8   325.2   363.6   509.6  1844.1  3750.4  7584.4 158832.0   159031
read      205.3   120.0    63.8   103.5   113.6   179.4   219.0   244.4   263.5   286.1   314.7   361.9   605.7  1483.2  2773.0 134008.5   134136
read      213.1   137.8    68.9   111.1   123.0   190.7   226.0   247.4   264.0   284.0   310.6   354.7   511.8  1860.2  2899.9 164472.5   164266
read      206.9   124.9    68.9   100.3   109.9   180.4   229.4   257.6   276.7   298.0   325.6   369.3   511.7  1480.1  2458.5  99110.0    99195
read      241.4   144.3    63.8    98.9   109.6   219.7   273.3   303.7   324.8   347.6   376.1   424.2   758.2  1645.0  2634.3  51652.0    51531
read      270.0   331.4    68.9   111.1   123.9   205.1   246.4   271.1   290.6   314.9   353.1   479.3  1684.9  3568.4  7758.1 146934.0   146794
read      201.9   102.0    63.8   100.6   110.0   176.9   222.9   251.1   270.9   293.3   319.9   363.0   487.6  1074.3  1993.9 108501.5   108372
read      203.9   108.6    63.8   100.7   110.2   178.2   224.5   252.5   272.4   295.2   324.0   369.8   513.7  1184.6  2382.0 107858.0   107914
read      212.1   153.5    68.9   102.1   111.8   180.8   227.2   256.3   276.9   301.3   333.1   390.2   626.9  1679.1  6106.4 111528.0   111421
read      236.0   163.5    63.8    99.1   109.4   203.4   261.0   293.6   317.8   346.1   383.6   441.6   773.3  2068.9  3128.3  74893.0    75121
read      244.5   142.5    68.9    98.8   109.4   222.5   279.7   311.9   333.5   357.5   387.3   435.0   767.5  1478.5  1977.0  52933.5    52675
read      265.9   297.5    68.9   105.4   116.9   194.0   241.5   273.6   301.0   342.2   434.7   656.2  1465.4  3633.8  7716.4 120712.0   120632
read      187.9    92.0    68.9   109.6   123.9   179.8   201.3   214.0   223.0   233.3   248.6   272.5   350.4  1127.0  3703.1   7397.0     7372
read      319.0   404.8    68.9   118.4   134.8   232.1   273.9   298.6   318.7   346.4   398.9  1007.5  2222.4  3948.3  7743.0 151267.0   152583
read      210.8   153.4    63.8   100.2   109.7   180.1   228.4   257.2   276.8   299.4   328.3   374.9   629.0  1830.2  3378.4 101258.5   101484
read      232.3   259.6    74.4   105.9   119.7   208.2   239.3   257.7   271.4   288.6   312.1   354.0   773.8  3586.6  8269.7  23985.0    23959
read      348.0   512.5    68.9   121.0   138.8   236.2   276.3   300.8   320.5   350.5   409.5  1225.1  3127.4  5233.0  8941.1 145691.5   146209
read      231.3   196.1    63.8    99.6   109.1   197.0   251.4   280.0   300.9   325.8   360.8   419.0   867.2  2888.9  4356.7  74972.5    75099
read      253.9   255.2    59.1   100.5   112.0   220.5   266.9   293.9   313.0   335.7   366.3   422.8  1124.5  3567.1  7791.6  40174.5    39946
read      274.4   378.5    68.9   101.0   113.4   227.8   280.9   309.2   329.3   353.5   388.6   469.2  1326.2  3980.9 11737.6  38752.0    38762
read      290.1   325.4    63.8   102.7   114.2   209.4   285.2   342.8   380.8   421.1   472.2   600.7  1670.4  4013.9  7716.1  92718.5    92506
read      243.4   247.3    63.8   118.1   132.4   210.0   247.4   269.3   285.7   305.8   333.8   383.4   923.9  3408.8  6409.5 169549.0   169919
read      230.6   151.3    63.8   100.4   110.1   191.6   251.3   286.5   312.9   344.2   387.6   454.0   728.7  1776.8  2202.8  88721.5    88331
read      252.2   257.4    68.9   118.9   133.6   214.7   252.7   274.8   292.0   313.0   342.3   397.1  1431.2  3457.2  6374.0 172742.0   172554
read      236.0   191.2    63.8   100.6   110.5   190.5   248.2   285.5   313.6   347.5   393.9   466.5   888.7  2415.4  3632.9  94641.5    94380
read      262.7   288.0    68.9   114.7   128.7   211.4   251.8   275.0   293.3   316.1   349.3   428.5  1565.8  3472.6  7626.1 157416.0   157069
read      238.1   151.8    68.9    99.2   109.4   210.9   266.9   298.2   321.2   349.7   384.8   438.4   795.2  1684.2  2774.3  64705.0    64426
read      231.1   106.9    68.9   103.1   117.3   221.1   262.2   284.2   299.9   317.6   341.4   377.7   492.2  1314.3  1916.1  27000.5    27114
read      315.6   463.4    68.9   113.4   128.8   223.8   264.5   288.4   307.6   333.5   377.3   776.9  3060.3  5252.7  7914.5 146784.5   146723
read      204.5   129.8    63.8   102.9   112.8   178.5   218.7   244.4   264.0   286.7   315.4   360.0   546.1  1451.9  3597.0 129295.0   129322
read      206.4   146.7    68.9   100.6   110.2   177.9   223.0   251.0   271.5   294.8   323.9   370.4   570.9  1485.2  4379.0 112250.5   112436
read      215.2   164.3    63.8   110.4   122.2   190.3   226.7   249.1   266.2   286.9   313.9   358.0   527.3  2440.4  4974.3 159245.5   158947
read      212.0   157.3    59.1   103.7   113.8   180.8   221.1   246.8   266.2   289.4   319.4   369.3   746.8  2053.0  3116.8 133180.0   132982
read      221.6   145.5    68.9   108.4   124.8   206.0   236.4   254.4   267.5   282.9   303.5   340.6   617.5  2061.9  3855.8  17154.0    17205
read      257.8   237.5    63.8   102.4   116.0   224.5   269.3   294.3   312.6   334.8   365.0   432.1  1172.8  3104.0  7639.5  29005.5    28921
read      280.5   292.4    63.8    99.6   110.5   221.3   290.1   330.5   358.9   391.6   434.1   546.2  1493.0  3695.7  7622.9  64220.0    64279
read      190.8   140.9    63.8   107.4   121.5   178.1   198.1   209.7   217.7   228.3   241.8   268.2   583.5  1576.2  5832.9   6688.0     6553
read      207.9    93.6    63.8   104.6   115.9   208.6   239.9   254.9   266.1   278.3   294.5   320.1   379.4   474.4  3139.6  41933.5    42137
read      197.0   119.2    63.8   101.0   110.7   175.5   218.8   246.4   265.7   286.5   311.1   345.6   424.3   586.1  2378.7 114922.0   114977
read      213.4    90.5    68.9   118.3   131.6   198.6   231.2   251.0   266.4   285.1   310.3   350.1   451.6   845.9  2457.0 178678.5   179048
read      202.8    62.4    68.9   106.7   118.7   205.2   231.0   244.5   253.8   265.7   279.8   304.6   355.8   428.1   500.0  32577.0    32512
read      204.6    76.1    63.8   101.8   112.4   203.0   239.4   256.6   268.0   281.0   296.8   324.6   390.0   486.2  1273.1  52205.5    51984
read      206.5    84.9    68.9   102.3   112.7   202.6   243.0   261.2   272.9   287.2   304.6   332.2   394.4   496.9  1181.4  57017.0    57047
read      200.1   114.5    63.8   100.4   110.3   180.0   228.4   255.5   272.3   290.2   311.8   343.6   421.4   621.1  3599.5  96368.0    96225
read      187.8    99.2    63.8   110.5   125.2   184.1   203.0   213.8   221.3   230.9   243.7   264.5   318.2  1122.7  4406.9   9864.0     9761
read      205.2   116.4    63.8   101.4   111.5   200.0   241.2   259.4   271.2   285.1   301.9   330.0   395.3   527.2  3781.9  59803.0    59992
read      206.6   142.6    63.8   100.9   110.9   194.5   241.7   262.3   275.1   290.6   309.8   339.0   408.6   676.2  9044.9  68189.5    67784
read      204.4    89.8    63.8   103.9   114.6   184.0   225.4   251.1   270.2   292.7   320.3   365.6   464.9   652.0  1768.7 123389.5   123566
read      206.3    87.8    63.8   107.0   118.3   188.2   226.4   249.7   267.8   289.4   317.2   361.8   463.1   701.8  1556.6 142707.5   142985
read      197.5    90.2    68.9   103.8   113.9   177.4   215.6   240.4   259.8   281.7   308.5   345.0   429.6   848.5  1975.7 134188.0   134441
read      209.5    74.5    63.8   104.3   115.3   209.2   245.2   262.0   272.9   286.6   303.3   330.0   391.6   479.2   714.8  48075.5    48150
read      187.2    92.0    63.8   111.1   124.8   184.0   202.4   212.7   219.4   228.8   239.9   259.3   310.0  1162.9  3868.2   8372.0     8405
read      202.2    63.9    63.8   111.5   125.7   202.7   225.8   237.1   246.5   256.4   270.7   292.7   344.7   504.6  1721.5  22656.5    22657
read      196.9    80.3    63.8   104.1   114.5   177.9   215.7   240.2   259.3   281.1   307.9   345.2   426.0   607.0   878.0 138399.5   138316
read      209.0   201.3    63.8   101.9   112.0   195.5   241.7   262.4   275.4   291.1   310.7   340.5   407.1   599.3 11425.6  68239.5    68078
read      206.0    90.0    68.9   112.2   124.4   190.1   224.0   244.8   261.2   280.9   306.9   346.1   436.2   765.1  1905.0 166218.0   166775
read      204.1   180.4    63.8    99.9   109.8   185.3   235.3   260.1   275.4   292.9   314.2   345.1   413.8   508.9 11254.0  83571.5    83276
read      202.2    87.4    63.8    99.8   109.6   185.9   236.3   260.6   275.8   293.2   314.3   344.2   409.0   539.5  2401.3  82885.5    83068
read      201.5    82.3    63.8    99.9   109.9   184.7   235.0   260.3   275.7   293.5   314.5   345.1   412.2   501.6   687.6  86719.0    86920
read      203.2    83.0    68.9   100.3   110.5   190.8   239.5   261.7   275.6   291.6   311.0   339.8   400.8   490.3   582.2  75119.5    75292
read      196.2    96.9    63.8   102.9   112.7   176.2   215.6   240.8   260.4   282.3   308.4   343.9   421.4   568.9  3813.7 130656.0   131065
read      176.9    80.2    63.8   104.0   116.7   173.3   191.0   200.3   207.8   216.3   228.4   248.5   295.1  1521.8  2184.0   5484.5     5428
read      204.3    65.4    59.1   105.7   117.5   206.1   233.7   248.3   258.5   270.8   287.1   312.0   365.3   447.1   969.0  36523.5    36693
read      196.4    82.0    68.9   104.5   114.9   177.8   214.3   237.7   256.4   277.9   305.1   343.0   424.6   698.3  1096.4 143920.0   144157
read      204.7    86.7    63.8   101.8   111.9   200.0   240.8   259.2   271.2   285.4   302.6   330.4   390.3   476.7  3601.1  59075.0    58995
read      197.0    84.6    63.8   100.8   110.5   176.3   221.3   249.0   268.2   288.6   312.2   345.2   422.5   599.2  1419.0 112047.5   111780
read      207.2    86.3    68.9   114.0   126.8   192.0   225.1   245.4   261.2   280.3   306.1   345.1   436.4   779.0  1740.4 173144.5   173092
read      205.4    69.4    63.8   104.5   115.9   207.3   237.4   252.2   263.0   274.4   290.7   315.0   368.9   451.9   583.8  41103.0    40873
read      207.3    77.6    63.8   103.0   114.3   207.2   241.4   258.0   269.3   282.4   297.6   324.2   381.9   466.2  2308.8  47613.0    47593
read      199.4    91.5    63.8    99.8   109.5   179.8   228.3   255.4   272.6   291.4   313.5   345.6   418.9   574.4  2533.3  96128.5    96318
read      177.5   152.8    68.9   102.7   114.5   171.6   189.2   199.1   206.6   215.5   228.1   248.5   304.9  1176.0  7524.4   5212.5     5015
read      200.8    84.3    63.8    99.8   109.8   183.8   233.8   259.4   274.9   292.3   312.4   342.0   408.1   520.7  1082.6  86092.0    86828
read      197.9    86.5    63.8   100.2   110.0   177.5   224.3   252.1   270.6   290.5   313.5   346.0   418.4   552.9  1469.2 105083.0   105001
read      200.8    78.7    68.9   108.5   119.4   183.3   218.7   241.6   259.6   280.6   307.3   345.1   431.0   671.5  1066.8 153250.5   152564
read      196.9    81.1    68.9   103.1   113.0   177.4   217.6   244.0   263.5   285.0   310.2   344.7   420.6   543.3  1214.5 126786.5   126941
read      205.7    89.8    63.8   111.9   123.7   189.2   223.6   244.8   261.3   281.4   307.8   346.5   437.1   819.9  2130.5 164872.5   164964
read      200.1   118.6    68.9   101.0   110.7   178.6   225.3   253.1   271.4   291.4   314.7   347.6   423.0   579.9  6271.2 104920.0   104707
read      198.7    85.6    63.8   102.6   112.5   178.0   220.0   247.4   266.8   288.2   313.2   348.1   430.7   640.5  1853.3 121169.0   121430
read      197.6    84.4    63.8   102.3   112.1   176.9   218.2   245.5   265.2   286.9   312.6   348.7   427.2   614.9  2204.1 123537.5   123148
read      198.3    88.6    63.8   101.3   111.0   177.0   221.1   249.1   268.5   289.7   314.6   350.4   426.6   635.8  2665.5 114124.0   114226
read      201.4    83.8    63.8   107.2   117.9   182.5   219.6   243.4   262.0   283.6   310.6   349.5   440.8   755.4  1484.3 146729.0   146363
read      210.3    68.5    63.8   108.7   122.0   211.8   239.9   254.1   264.6   275.3   291.5   315.7   369.1   466.3  1773.1  33078.0    32837
read      204.2    80.3    63.8   100.8   110.8   191.8   240.8   263.0   276.9   293.1   312.8   341.7   403.1   513.8  1046.9  74842.5    74974
read      202.1    68.2    68.9   108.5   121.2   203.6   227.7   239.8   249.0   259.8   273.2   296.0   345.9   466.7  2582.6  27540.0    27541
read      202.3    83.9    63.8   109.5   120.4   185.1   220.8   243.3   260.8   281.5   308.0   345.9   432.3   671.3   944.3 154725.0   155232
read      213.5    83.0    68.9   117.4   130.6   198.4   231.8   252.4   268.3   287.7   313.4   354.5   459.1   810.5  1289.0 173939.5   173952
read      198.4    86.5    63.8   105.5   115.9   179.6   216.9   240.8   259.3   280.8   307.2   344.0   428.6   674.5  1732.5 143178.0   143455
read      205.0    92.9    68.9   111.7   123.7   188.9   222.9   243.6   260.0   279.4   305.4   344.6   436.0   797.6  1415.6 166434.0   165838
read      198.4    81.9    63.8    99.8   109.6   179.0   226.8   254.1   271.8   290.9   313.6   345.6   417.3   516.1   876.0  99822.0    99639
read      208.3    78.5    63.8   114.3   127.2   193.3   226.8   247.3   263.2   282.6   308.3   346.8   438.9   749.3  1061.3 171510.0   171706

