Timestamp start: 1747217234902
Timestamp end: 1747218075204

#type       avg     std     min      p5     p10     p50     p67     p75     p80     p85     p90     p95     p99    p999   p9999      QPS   target
read      207.0   158.4    74.4   112.9   130.2   190.6   212.1   224.1   232.9   244.6   260.1   291.1   832.6  1616.7  7200.0   8011.5     8195
read      372.6   502.7    74.4   152.5   175.2   289.1   338.1   366.8   388.6   415.0   452.8   532.5  3371.5  5506.0  8035.3 157998.0   158594
read      243.4   199.3    68.9   115.6   129.8   211.1   252.8   277.2   295.6   317.6   346.6   400.4  1086.7  2571.7  4354.3 149909.0   149766
read      206.1   268.4    63.8   109.7   124.2   183.9   205.0   216.7   226.1   236.3   253.3   281.1   596.5  5167.5  8128.6  10437.5    10382
read      414.9   520.3    74.4   165.0   191.2   314.2   362.2   390.2   411.6   439.5   488.6  1071.3  3307.2  6052.1  8054.7 170292.5   170548
read      257.7   192.0    68.9   122.4   139.3   233.1   276.2   300.6   318.0   339.7   368.1   415.9   747.7  2870.5  5428.7 151008.5   150565
read      217.5   148.5    63.8   106.9   118.2   189.9   231.5   257.4   276.0   298.9   328.3   375.0   692.4  1740.0  4457.6 137859.5   137144
read      221.0   152.2    63.8   109.1   120.6   194.0   235.1   260.8   279.0   301.1   330.3   376.8   675.2  2008.4  3933.7 143442.0   143496
read      225.3   162.6    68.9   110.5   122.6   196.4   236.6   261.8   279.9   302.1   331.2   379.6   822.7  2042.7  4445.8 145027.0   144743
read      213.1   125.6    68.9   103.1   113.4   185.2   231.2   260.0   280.3   304.1   334.0   381.9   625.8  1463.4  2827.8 116872.5   116745
read      221.4   148.9    68.9   106.5   117.6   190.9   233.8   260.7   280.0   303.7   334.5   387.7   850.7  1696.2  4334.3 129671.0   129314
read      225.9   160.7    68.9   110.2   122.3   197.2   238.4   263.9   282.3   304.4   333.4   381.4   821.5  2193.2  3386.5 144561.5   144723
read      212.4   117.8    68.9   103.2   113.4   185.3   230.8   259.8   280.4   304.2   334.6   382.6   613.9  1409.3  2415.7 117393.0   117379
read      214.7   130.5    68.9   104.1   114.6   186.3   231.9   260.4   281.1   304.9   335.1   384.9   668.6  1366.4  2356.3 119962.5   119931
read      218.6   135.3    68.9   107.3   118.4   190.6   232.7   259.3   278.7   301.5   331.3   379.8   749.4  1689.0  2150.1 131783.5   132052
read      221.5   151.0    68.9   109.8   121.5   195.0   235.1   260.4   278.4   300.4   329.1   373.7   695.5  1966.3  3441.1 143719.0   143350
read      224.0   170.5    68.9   109.7   121.4   195.7   236.2   261.8   280.0   301.9   330.8   377.7   708.1  2668.5  4415.0 142993.0   143518
read      248.6   136.7    68.9   129.6   146.0   228.8   267.6   289.8   306.4   326.3   353.9   400.0   609.3  1853.6  3368.6 173056.0   172981
read      261.7   285.9    68.9   103.5   114.4   201.2   260.1   296.6   325.6   365.9   424.6   531.5  1316.7  3834.8  7623.8  94022.5    94027
read      271.0   278.6    68.9   128.7   145.5   235.1   277.3   301.6   319.2   341.2   370.5   421.1   959.5  3671.4  7287.6 169499.0   170019
read      262.8   161.5    68.9   136.0   153.9   242.8   282.2   304.7   320.7   341.5   369.2   415.6   589.8  2571.2  4039.3 178937.0   179090
read      249.9   165.9    63.8   102.6   113.7   227.1   276.9   305.5   326.8   353.4   388.6   444.7   862.8  1698.2  6113.3  47267.5    47130
read      234.9   118.8    74.4   109.6   127.7   221.1   257.9   277.8   292.7   310.3   332.9   371.4   669.8  1383.7  1970.9  19368.5    19439
read      373.7   501.9    68.9   120.7   138.5   247.0   301.5   334.8   362.1   400.9   507.3  1402.2  2794.7  5359.9  7930.4 128866.0   128963
read      237.7   115.3    68.9   108.5   124.6   225.7   264.3   285.7   301.1   319.1   342.9   383.0   619.4  1375.3  1997.6  23902.0    23787
read      289.6   269.8    68.9   102.0   113.3   232.9   308.2   352.1   382.3   416.6   462.0   579.5  1452.9  2492.4  7413.1  61618.0    61848
read      318.3   462.0    63.8   107.5   119.9   213.4   271.5   309.6   342.6   396.1   493.6   732.4  2707.7  5349.6  8004.7 101944.0   101968
read      212.4   109.6    68.9   102.5   112.4   186.5   235.3   265.2   285.9   309.3   338.6   386.4   565.0   895.0  2548.5 108640.0   108767
read      292.3   409.2    59.1   105.2   116.8   207.2   266.5   304.0   335.3   378.6   448.0   589.4  2257.1  5404.3  8011.1  97051.5    97139
read      265.5   252.1    68.9   121.0   136.9   224.5   269.4   295.6   315.4   339.4   371.0   429.7  1452.6  3516.3  4993.9 158782.0   158594
read      224.4   163.5    63.8   109.8   121.7   196.0   236.7   262.5   281.1   303.4   332.6   381.1   808.9  1801.1  4639.7 141435.5   141240
read      251.6   155.0    68.9   103.1   114.8   229.9   280.4   308.9   329.5   354.1   387.0   439.8   850.9  1721.1  2737.3  41644.0    41405
read      281.0   226.9    63.8   101.3   112.5   233.1   305.1   345.5   373.8   405.4   449.2   545.2  1273.4  2155.1  5017.9  57926.0    57997
read      360.9   446.4    68.9   119.8   137.4   247.7   301.0   332.4   358.2   394.4   482.3  1400.2  2412.9  4128.5  7714.9 133511.0   133577
read      253.0   162.9    63.8   101.3   112.2   224.7   280.4   313.5   338.4   367.5   403.9   467.5   966.8  1609.4  2406.0  53634.0    53832
read      375.3   452.6    68.9   124.8   144.5   259.7   311.7   343.0   369.3   405.6   507.6  1423.0  2241.1  4363.1  7902.7 139519.0   139832
read      251.9   168.7    74.4   127.6   143.6   228.6   268.6   291.9   309.5   330.7   359.5   406.0   630.3  2709.6  3809.9 170833.0   170515
read      220.0   142.8    68.9   105.6   116.7   189.8   233.7   261.1   280.9   304.4   335.7   389.6   793.0  1645.1  3167.3 128383.5   128494
read      231.6   128.1    68.9   108.7   124.7   217.3   253.4   273.8   288.9   306.4   329.1   366.9   645.3  1478.9  3952.3  20821.0    20789
read      294.0   281.9    68.9   101.5   112.9   230.0   306.2   350.9   383.0   419.1   467.4   600.9  1624.4  2732.0  7484.8  63690.5    63647
read      278.6   228.2    68.9   101.0   112.2   228.5   303.4   345.7   374.9   408.1   452.5   544.1  1309.9  2155.4  4784.3  64536.5    64802
read      268.8   198.2    63.8   101.3   112.4   230.8   298.8   337.6   364.2   393.8   430.7   498.5  1056.0  2081.2  3155.9  55921.5    55719
read      368.0   399.3    74.4   166.4   191.5   309.3   353.0   377.2   396.1   419.7   453.1   530.5  2640.7  4339.6  7919.7 174651.5   174179
read      211.0   103.2    63.8   102.7   112.9   186.8   234.3   262.6   282.1   305.0   334.0   380.1   545.3   933.6  1558.7 106566.5   106356
read      260.3   161.7    68.9   135.6   153.1   240.4   278.9   300.9   317.1   337.5   364.4   408.0   604.8  2529.0  4124.2 178849.5   178750
read      209.9   102.2    63.8   101.4   111.2   184.7   234.5   263.8   284.3   307.8   337.5   385.2   522.9   902.3  1598.4 105773.5   105831
read      210.6   103.2    63.8   102.4   112.5   185.0   233.0   262.2   282.7   306.3   335.7   382.4   556.8   948.7  1210.3 110808.0   110667
read      203.3    96.7    63.8   114.0   130.1   191.6   215.2   228.9   238.9   252.1   269.1   295.8   578.8  1307.8  1733.7   8882.0     8803
read      272.9   204.2    68.9   103.1   115.4   236.9   298.6   332.5   356.4   383.7   420.6   496.8  1133.7  2142.1  4858.9  45667.5    45662
read      251.8   153.9    68.9   105.2   119.5   231.6   280.6   306.4   323.8   344.7   372.1   422.1   838.9  1572.5  3219.5  30795.5    30867
read      263.2   177.8    68.9   102.5   114.6   234.9   294.4   327.3   350.2   377.0   410.2   467.4   939.1  1849.6  3842.5  45383.5    45656
read      305.9   380.9    68.9   107.5   119.7   213.3   274.1   316.3   353.8   411.0   506.3   727.7  1992.2  4458.8  7813.2 100696.5   100938
read      220.0   128.4    68.9   108.0   119.5   193.6   236.0   262.8   282.2   305.5   335.5   383.6   729.9  1474.4  2238.1 132138.5   132360
read      271.2   279.2    68.9   101.3   111.9   218.5   281.5   318.1   345.4   379.9   424.4   500.7  1553.8  3270.8  7508.9  67446.5    67591
read      261.6   264.7    68.9   104.1   117.3   228.9   276.4   303.4   322.5   345.4   376.9   445.2  1031.7  4422.2  7631.5  33681.5    33910
read      325.8   393.7    68.9   105.9   118.6   223.6   306.0   366.0   407.3   456.2   528.7   771.7  2228.5  4195.1  7962.0  85545.0    85729
read      212.6   104.1    74.4   111.7   129.8   201.3   227.8   242.3   253.1   267.2   285.9   318.6   572.9  1362.9  1949.9  12881.5    12884
read      267.6   187.7    68.9   102.0   113.6   234.8   295.6   330.1   354.1   381.7   417.6   486.6  1076.4  1776.4  4538.7  45982.0    45621
read      264.3   197.6    68.9   103.3   116.8   237.5   291.7   320.6   341.2   364.8   395.6   453.3   946.1  2306.1  5488.0  36884.5    36938
read      275.4   223.9    68.9   101.5   112.8   232.8   302.1   340.2   367.3   398.4   436.3   512.9  1200.5  2711.8  3752.0  56768.0    56902
read      308.3   371.7    68.9   107.6   119.9   213.7   271.6   310.7   344.8   400.1   522.2   824.0  1799.0  4346.2  7552.6 102429.0   102243
read      209.0   130.7    68.9   111.8   128.2   197.3   221.8   235.2   246.8   260.3   278.0   308.8   521.9  1566.9  7035.8  13965.5    14085
read      310.0   442.4    68.9   105.7   117.9   213.2   274.6   314.1   346.8   398.3   479.2   696.8  2214.0  5939.1  8290.8  94040.5    94103
read      253.0   208.2    68.9   102.7   113.4   221.3   273.7   302.0   323.1   350.6   390.4   460.5  1062.2  2795.6  4024.6  58117.0    58175
read      378.0   516.3    74.4   144.4   166.2   281.7   329.5   357.6   378.6   405.4   448.9   640.9  3303.1  5823.1  8125.1 150975.5   151312
read      219.6   155.2    68.9   101.4   111.4   194.2   247.5   273.6   291.4   311.7   337.6   380.4   553.0  2134.1  5414.7  83037.5    83333
read      390.0   435.8    68.9   149.2   173.4   299.8   354.9   387.7   413.2   447.9   504.8  1111.9  2544.1  4728.5  7838.4 164691.5   165153
read      225.2   132.5    68.9   108.7   120.7   201.4   245.8   271.6   290.6   313.3   342.8   392.8   640.4  1472.9  3830.6 123957.5   123975
read      242.2   128.8    68.9   107.0   121.7   228.1   269.5   292.6   309.7   329.6   355.0   396.9   662.5  1491.9  2165.0  28538.0    28449
read      224.4   108.1    68.9   113.0   131.5   211.9   241.9   259.5   271.6   286.4   305.7   341.7   691.6  1380.6  1720.7  14928.5    14903
read      248.1   140.9    68.9   104.9   118.8   231.6   279.0   303.9   320.9   341.8   368.1   410.9   717.4  1669.5  4047.3  31209.5    31189
read      259.6   166.5    68.9   103.2   115.6   235.5   290.6   320.8   341.9   366.1   396.3   446.1   942.3  1861.1  3230.9  40459.5    40636
read      280.1   303.3    63.8   102.8   114.1   212.6   282.0   328.1   364.2   405.5   457.9   563.3  1489.3  3856.0  7676.3  80603.0    80574
read      308.8   289.6    74.4   139.3   158.9   262.9   309.1   335.7   355.7   380.3   415.0   484.6  1584.2  3550.7  7380.8 168672.0   168820
read      239.2   161.3    68.9   120.6   135.7   215.4   254.7   278.2   295.9   316.9   344.7   392.0   645.5  2219.6  3842.6 162306.0   162621
read      214.1   111.4    68.9   102.9   113.0   187.6   238.3   268.4   289.4   312.8   342.2   389.1   531.2  1223.9  1793.0 101654.0   101621
read      268.4   213.8    68.9   101.2   112.2   227.3   292.9   331.6   359.1   389.5   427.7   497.1  1203.5  2562.8  4040.1  58652.0    58592
read      325.2   369.1    68.9   129.3   147.6   256.2   307.1   336.8   359.6   388.4   430.8   559.7  1944.9  3760.5  7886.7 152935.5   153042
read      218.3   174.6    63.8   103.4   113.8   188.0   235.3   264.7   285.2   308.8   338.6   389.1   644.8  1681.8  7789.4 112402.0   112238
read      238.5   150.2    68.9   120.2   135.2   215.3   255.1   278.5   295.8   317.1   344.9   393.7   644.4  2005.7  4151.9 160413.5   160265
read      252.6   176.8    68.9   101.4   112.1   223.0   279.6   312.4   336.3   366.0   403.7   465.8   966.2  1794.8  4647.8  57198.0    57109
read      303.4   337.9    68.9   105.9   118.2   218.6   296.3   357.0   399.5   445.4   502.7   625.7  1872.9  3758.3  7855.7  88471.0    88551
read      199.5   101.9    68.9   110.9   127.5   189.5   212.3   224.7   233.3   245.5   261.6   288.8   453.2  1417.3  3536.0   8380.0     8385
read      256.2   161.8    68.9   104.1   117.5   235.1   286.8   313.8   332.9   355.0   383.7   431.3   864.5  1842.7  3013.9  34117.5    34088
read      356.6   466.9    68.9   111.8   127.3   230.7   287.0   321.6   352.7   402.0   615.2  1346.0  2416.5  4880.6  7803.9 113405.0   113600
read      223.7   184.9    68.9   107.3   118.8   193.2   236.1   263.1   282.0   304.7   334.4   382.8   724.3  2454.0  7192.6 131559.5   131842
read      218.5   135.1    68.9   104.3   114.8   189.3   236.8   265.9   286.3   310.2   340.5   390.3   652.2  1777.8  2858.0 112344.0   112066
read      270.9   280.8    68.9   101.6   112.3   216.0   283.2   325.2   356.1   393.0   439.7   518.8  1475.0  3096.3  7568.8  72304.5    72585
read      305.5   366.4    68.9   115.9   131.1   227.5   277.3   306.4   328.2   357.0   400.8   671.6  1974.9  3644.4  7638.5 133711.0   133669
read      219.4   315.4    68.9   112.7   130.2   197.7   223.0   236.2   247.7   260.8   277.7   308.0   536.6  7322.4  9450.4  11840.5    11820
read      214.9   126.7    63.8   112.4   130.3   203.6   231.4   246.9   257.9   271.1   289.1   319.2   522.4  1657.9  5062.6  12623.5    12639
read      347.7   450.1    68.9   113.2   128.5   229.1   284.5   318.5   346.3   391.3   554.5  1282.6  2302.1  4875.1  7761.9 118258.5   118548
read      248.5   176.9    68.9   124.7   140.4   224.6   265.5   289.0   306.5   327.3   355.4   401.4   604.4  3122.0  4195.3 165459.0   165754
read      254.3   221.5    68.9   102.2   112.9   202.1   265.1   303.4   333.9   372.2   424.7   511.0  1176.2  2595.2  4347.7  86417.5    86823
read      221.8    99.2    68.9   109.8   126.9   212.5   244.1   261.6   273.3   288.7   308.1   339.1   557.7  1354.5  1788.0  17007.5    16898
read      339.2   433.8    68.9   113.6   128.8   230.6   284.4   315.9   341.6   377.6   457.5  1297.2  2276.7  4371.4  7867.4 122386.5   123124
read      260.3   225.3    68.9   102.0   112.5   214.9   279.8   318.0   346.5   382.3   425.8   496.2  1148.0  2689.2  7050.6  71750.5    72278
read      262.3   157.7    68.9   102.1   114.0   235.4   297.8   332.2   356.1   383.4   416.9   469.6   911.4  1596.1  2125.6  48214.0    47757
read      276.0   232.7    68.9   101.5   112.6   230.5   302.2   344.2   373.3   405.2   448.1   520.5  1218.1  2612.5  6428.0  60692.5    60510
read      248.4   139.2    59.1   108.6   124.4   233.3   276.0   298.6   314.6   333.5   358.2   400.2   739.7  1578.1  2199.1  25180.5    25237
read      340.4   437.8    68.9   111.2   125.2   227.1   306.2   372.7   424.7   483.6   569.4   773.0  2342.7  5258.3  7896.4  97553.0    97783
read      255.3   260.2    63.8   107.0   118.7   201.3   251.1   279.9   301.4   327.4   365.0   454.4  1519.7  2795.8  5478.2 119158.5   118966
read      219.3   111.1    68.9   109.5   127.0   208.8   238.3   254.8   267.6   282.3   301.3   333.8   568.4  1612.8  2010.6  16737.0    16631
read      211.6   100.7    68.9   112.8   130.6   200.5   226.8   241.3   252.2   265.8   283.7   314.6   572.0  1431.3  1933.8  11830.5    11743
read      343.8   440.4    63.8   111.3   126.0   225.7   279.1   312.9   341.6   388.3   603.0  1258.0  2300.6  4496.2  7823.1 114602.5   115026
read      223.6   155.0    68.9   106.2   117.2   192.7   237.5   265.4   285.8   309.9   340.7   392.1   789.9  1854.1  3377.7 122460.0   122371
read      191.3   101.2    63.8   107.9   122.7   181.3   202.2   214.1   222.7   233.2   249.0   274.8   532.7  1212.5  2679.1   7240.5     7198
read      240.9   153.0    68.9   107.0   122.8   227.3   269.0   290.4   305.7   323.3   345.9   384.8   689.5  1524.1  7533.9  25083.5    25022
read      338.6   362.9    68.9   137.8   158.2   271.8   323.8   354.5   377.3   405.1   448.2   563.5  1871.2  3754.3  7690.3 157613.0   157513
read      261.4   156.0    68.9   132.8   150.4   239.8   281.2   304.7   321.3   342.8   371.4   420.6   647.3  2281.2  3624.2 172055.5   171975
read      236.4   178.5    63.8   117.2   131.4   209.6   250.0   273.9   292.0   314.0   342.9   392.8   701.9  2459.7  5100.4 154902.5   154918
read      225.0   154.6    68.9   109.9   121.8   197.1   239.0   265.2   284.3   307.1   337.2   386.6   670.7  2024.1  3325.9 139270.5   139185
read      230.8   159.6    68.9   115.4   129.3   206.6   247.2   271.1   289.1   310.5   338.2   383.0   582.6  2028.9  5294.8 152684.0   152724
read      223.7   105.1    68.9   109.5   125.3   214.1   246.4   265.0   278.0   293.7   314.5   346.6   488.5  1323.5  2014.3  20747.5    20845
read      316.2   394.7    68.9   116.9   133.0   234.8   286.9   316.4   338.8   367.8   414.7   650.7  2164.7  3986.8  7854.9 140528.5   140348
read      270.4   303.4    68.9   103.4   114.3   205.6   267.2   305.4   335.6   375.2   432.0   538.9  1477.7  3959.8  7320.4  88534.0    88725
read      283.8   324.8    68.9   111.9   125.8   215.4   264.5   293.0   315.0   342.8   383.4   519.3  1703.0  3517.7  7337.4 133847.0   134088
read      254.2   176.5    63.8   101.4   111.8   218.2   281.7   318.9   346.0   377.8   418.7   486.4   938.8  1776.4  3172.5  66232.0    66126
read      282.2   257.0    68.9   102.4   113.6   217.8   298.9   351.3   386.5   424.1   469.7   563.2  1405.9  3019.9  3767.1  77980.5    78214
read      263.9   205.3    63.8   100.7   111.7   229.9   294.9   332.3   357.7   386.3   422.1   480.6   974.4  2042.0  4857.8  54992.5    55191
read      261.6   164.2    68.9   101.4   112.3   231.8   298.0   335.2   360.4   388.1   423.2   481.2   881.2  1687.0  2708.6  54135.0    54081
read      331.9   438.3    68.9   111.1   125.0   220.2   274.6   311.1   342.1   393.5   550.4  1012.4  2580.1  4552.0  7911.5 112526.5   112478
read      278.7   157.0    74.4   145.5   165.0   260.3   300.5   322.9   340.5   361.9   390.2   436.3   626.7  2131.6  4311.0 179550.5   179666
read      217.7   127.9    68.9   102.7   112.7   189.0   240.8   270.2   290.6   314.1   343.4   390.3   614.0  1545.8  2272.9 100543.5   100584
read      222.0   169.3    68.9   106.6   117.9   192.2   235.7   262.9   282.3   305.5   335.1   383.9   729.2  2100.9  5052.7 128015.0   127920
read      190.5   160.7    63.8   105.8   120.6   177.9   198.4   210.1   218.0   229.6   244.7   271.9   457.6  1611.5  7291.8   6567.5     6594
read      238.7   122.2    68.9   107.1   122.9   227.1   268.4   289.7   304.7   321.1   343.6   380.8   615.4  1335.7  3866.7  25188.5    25020
read      335.6   431.7    68.9   116.3   132.3   234.3   287.2   318.3   343.1   376.0   435.2  1259.9  2326.9  4751.2  7978.8 129745.5   129587
read      202.2    77.3    68.9   111.5   128.4   194.5   219.3   232.6   243.1   255.0   272.2   298.0   443.2  1081.6  1249.6  10352.0    10277
read      315.4   363.4    63.8   125.7   144.3   250.6   300.5   329.7   351.7   379.6   420.6   517.1  1937.4  3984.4  7777.4 148004.5   148458
read      256.4   228.0    63.8   101.3   111.8   213.9   275.9   312.2   338.7   370.7   412.4   478.5  1121.1  2739.7  7307.4  66149.0    66114
read      257.3   158.9    68.9   101.5   113.0   232.6   290.9   322.9   346.2   372.3   404.9   461.0   848.3  1695.4  2893.7  48940.5    49261
read      319.4   445.5    68.9   114.6   129.8   224.2   270.3   297.6   319.2   347.6   396.7   943.9  2675.3  4685.1  7895.9 132881.0   133049
read      211.8   128.9    63.8   101.8   111.6   184.9   233.8   263.0   283.0   305.8   334.2   377.8   533.1  1507.5  2498.3 106149.5   106628
read      223.0   104.5    68.9   104.9   118.5   213.9   248.3   266.5   279.0   294.2   314.9   350.6   566.1  1361.8  1739.1  23571.5    23498
read      258.5   254.7    68.9   104.4   115.6   199.9   257.3   296.2   328.1   367.8   422.5   525.5  1243.1  3233.4  7419.2 103387.5   103564
read      234.6   159.6    68.9   117.8   132.1   210.5   250.2   273.9   292.2   314.0   342.9   391.9   566.7  2628.0  4109.0 161206.0   161774
read      233.0   126.4    68.9   103.5   115.3   221.5   264.8   287.8   304.0   322.4   346.4   385.7   527.2  1341.8  2406.0  39203.5    39037
read      353.6   362.1    74.4   145.3   167.5   273.7   321.3   351.6   375.1   407.8   463.6  1056.8  1734.5  3714.1  7560.6 163527.0   163622
read      219.4   148.2    68.9   107.8   118.9   192.3   234.9   261.8   280.8   303.4   332.2   376.8   581.8  2168.2  3832.2 132164.5   132405
read      212.6   122.4    68.9   106.6   117.6   188.0   230.5   256.8   275.7   298.3   327.0   369.7   496.2  1541.9  2930.9 131972.5   131596
read      253.8   160.9    68.9   129.9   146.7   232.1   271.4   293.9   310.8   330.9   358.0   402.5   621.3  2384.5  3467.9 174453.0   174543
read      242.3   200.2    68.9   101.8   112.2   197.8   258.4   294.5   321.3   353.8   395.9   464.0   951.1  2611.8  3219.7  90960.0    90567
read      243.1   218.6    63.8   105.5   116.6   194.6   243.2   274.3   297.9   328.6   373.8   501.1  1139.8  2855.5  5767.7 116502.5   116582
read      203.2    81.5    68.9   110.2   126.3   196.8   222.1   235.4   246.3   258.6   274.8   302.2   392.9  1144.4  1870.0  14000.0    13888
read      305.5   346.6    68.9   109.8   122.7   210.9   263.1   298.9   332.5   389.5   552.9   893.7  1667.2  3707.7  7323.4 118596.0   119224
read      226.7   155.5    68.9   113.6   127.1   201.1   239.7   263.2   280.2   301.3   329.3   374.2   683.2  2085.6  3347.3 156564.5   156471
read      254.5   193.8    68.9   122.7   138.7   222.7   264.5   288.9   307.2   329.8   361.4   417.9  1248.4  2542.7  4387.3 163992.5   164013
read      237.1   125.4    68.9   103.1   115.0   223.5   268.7   293.0   310.7   331.4   358.0   401.1   618.0  1473.2  2727.3  42133.5    41909
read      328.0   401.4    68.9   112.4   127.2   221.2   270.1   301.4   327.5   367.3   487.8  1264.2  1878.6  3717.9  7668.1 128299.0   128280
read      211.5   118.6    68.9   102.6   112.6   185.6   234.1   263.1   283.2   306.1   334.9   380.2   542.9  1114.9  3995.4 107635.5   107066
read      243.2   137.8    68.9   101.2   112.8   224.3   275.8   305.2   325.0   347.5   375.6   422.4   719.5  1520.9  1978.0  46429.5    46119
read      192.1   104.0    59.1   108.7   122.4   183.0   206.1   218.6   228.5   239.6   255.2   283.1   388.8  1336.7  2983.6  10206.0    10227
read      195.5    77.3    68.9   109.8   124.6   188.0   212.3   225.7   234.8   247.3   263.2   289.1   363.1  1131.0  1587.9  10896.5    10870
read      348.4   404.2    68.9   124.1   142.9   246.3   293.6   324.5   350.8   390.4   470.6  1325.2  1824.0  3814.4  7719.3 145969.0   146664
read      213.6   116.5    68.9   107.9   123.0   205.6   234.5   251.1   262.9   275.3   293.9   324.0   427.4  1522.8  3237.9  19889.5    19865
read      290.8   358.0    68.9   108.8   120.9   206.8   260.5   297.5   330.0   377.7   465.0   692.6  1805.6  4329.7  7849.8 113398.0   113409
read      244.6   150.6    68.9   100.3   110.8   214.0   277.3   312.8   337.9   367.0   402.5   459.9   751.5  1608.7  2299.9  70773.5    70623
read      247.7   138.7    63.8   100.3   111.5   225.4   284.2   316.2   338.5   363.6   394.1   442.9   728.3  1511.4  2453.9  52390.5    52633
read      260.9   270.0    63.8   104.8   115.9   199.0   255.8   295.9   328.8   371.9   429.3   536.7  1353.6  3439.5  7412.7 104427.0   104630
read      240.4   127.4    68.9   102.1   114.1   223.9   274.4   301.1   319.3   341.1   368.7   410.8   689.4  1382.0  1990.6  42650.0    42594
read      269.3   227.6    63.8   102.3   113.7   206.6   284.2   340.7   377.0   414.8   460.7   542.5  1288.1  2520.8  3479.0  95021.0    95196
read      247.3   130.1    68.9   101.5   112.8   226.3   285.3   317.3   338.9   363.5   393.6   439.9   698.1  1289.7  1910.9  52554.5    52243
read      239.5   124.3    63.8   102.9   115.2   225.1   272.6   297.2   314.6   334.5   359.4   398.8   663.3  1385.9  2021.3  37057.0    37031
read      238.3   125.2    68.9   102.0   114.0   222.9   273.8   299.9   317.6   338.3   363.8   403.2   616.8  1374.2  2993.9  39900.5    39878
read      259.0   239.5    68.9   105.5   117.1   199.3   253.7   291.9   323.2   367.0   431.6   559.9  1270.9  2728.1  5096.0 110435.5   110750
read      186.7    98.4    68.9   106.6   120.2   178.0   198.8   211.2   219.8   230.8   245.8   271.8   404.7  1098.8  2524.7   8247.0     8231
read      256.0   175.0    68.9   100.1   110.9   221.5   286.2   323.5   349.3   377.6   412.9   469.2  1019.9  1826.5  2359.1  63300.0    63638
read      274.7   257.3    68.9   102.4   113.6   208.8   284.5   337.4   373.0   410.6   457.7   547.5  1435.4  2952.0  5034.3  89988.0    90167
read      248.7   146.7    63.8   100.8   112.0   224.8   283.1   314.4   336.6   361.3   391.3   439.3   801.4  1599.9  2368.4  50629.5    50555
read      205.5    77.9    59.1   108.2   123.3   199.4   227.6   243.0   253.9   267.5   284.7   313.3   397.6   873.6  1430.6  15998.0    15997
read      244.3   153.9    68.9   101.5   113.7   225.2   278.3   307.2   325.9   346.2   372.3   416.6   706.2  1568.9  6042.8  43110.5    43089
read      199.0    77.9    68.9   110.3   126.2   192.2   217.3   230.6   240.1   251.7   268.4   293.9   378.3  1240.8  1688.1  12247.0    12188
read      270.9   238.2    68.9   101.5   112.2   216.3   291.7   337.0   367.2   400.5   442.6   519.9  1292.2  2685.2  6699.5  76554.0    76615
read      298.8   449.6    68.9   117.2   132.5   225.0   270.5   297.1   317.8   343.4   381.0   465.7  2929.5  6163.4  9593.8 143212.0   143480
read      238.9   148.3    68.9   100.9   111.2   216.4   273.7   305.7   327.9   354.2   387.4   437.0   596.6  1376.9  3342.8  63584.0    63793
read      260.8   220.3    63.8   100.6   111.4   218.5   289.7   331.9   360.2   391.0   428.3   488.5   942.6  3004.3  7337.0  72137.5    71996
read      242.6   126.0    68.9   102.0   113.6   226.3   279.0   307.2   326.2   346.9   372.6   412.3   623.1  1432.3  2161.2  42100.0    41778
read      220.6   103.2    74.4   106.8   121.7   213.0   246.5   264.9   277.4   292.3   312.3   343.5   462.1  1071.0  3310.1  21987.0    21860
read      243.4   127.6    68.9   101.4   113.0   224.9   278.9   308.9   329.2   352.3   380.8   425.8   649.1  1274.9  2111.6  45411.5    45582
read      275.1   268.2    68.9   101.8   112.7   212.7   288.9   336.6   368.3   402.4   446.7   529.4  1442.5  2938.3  7468.3  82304.0    81972
read      243.6   155.8    68.9   101.9   114.0   223.6   275.8   304.2   323.2   344.5   371.6   415.1   697.6  1687.3  4028.2  42962.0    42852
read      252.2   168.0    63.8   100.3   111.2   224.9   283.2   316.3   339.2   365.0   397.2   451.4   863.1  1792.6  3724.5  51517.5    51852
read      269.9   269.0    63.8   106.7   118.4   203.9   259.6   297.1   329.9   375.4   450.1   600.5  1389.2  3208.5  6990.0 109358.0   109368
read      245.7   154.0    63.8   100.9   111.6   221.7   278.7   311.0   333.6   359.8   391.8   439.4   738.4  1706.5  4154.4  56021.5    55794
read      238.1   136.4    68.9   102.5   115.2   222.1   268.5   292.4   309.1   328.3   353.2   395.0   703.1  1666.3  2931.1  35564.5    35534
read      273.7   260.9    68.9   102.6   113.7   207.0   283.4   338.1   374.3   411.5   457.0   543.2  1473.1  2900.9  5112.6  90649.5    90576
read      277.9   270.0    63.8   103.7   115.3   208.3   283.6   342.0   379.8   418.5   465.4   552.7  1473.9  3115.5  7086.1  95159.5    95085
read      245.7   218.8    68.9   103.6   114.3   196.1   252.4   288.3   316.2   350.6   399.5   489.9  1007.0  3027.9  4234.4 100024.0   100029
read      260.9   217.9    63.8   100.7   111.5   215.1   284.0   323.8   351.1   382.4   420.7   484.6  1228.2  2346.4  6051.3  72844.5    72551
read      264.7   248.2    68.9   100.8   111.5   207.5   282.1   329.8   361.3   394.6   435.2   504.2  1316.9  2868.0  7317.0  84817.5    84629
read      258.3   188.5    68.9    99.9   110.5   214.4   287.3   330.8   360.0   391.3   429.0   492.0  1068.1  2057.7  3051.0  74058.5    74136
read      284.6   425.8    68.9   111.3   124.3   207.2   249.7   274.5   293.5   317.3   351.8   435.4  2839.9  4195.3  7910.6 130628.0   130756
read      244.5   151.9    63.8   101.5   111.7   212.7   276.2   311.7   336.9   366.3   402.5   460.9   762.2  1595.2  2413.2  70074.0    69916
read      253.3   160.4    63.8   101.0   111.6   218.1   289.6   330.7   358.0   387.5   423.3   478.3   802.8  1692.5  2760.8  71998.0    72019
read      251.3   159.3    63.8   100.2   110.5   211.4   285.8   329.6   358.3   388.7   425.9   485.4   837.1  1598.3  2009.0  77906.5    78070
read      248.2   207.0    63.8   102.7   113.3   196.0   254.9   295.3   327.4   366.7   417.8   503.6  1098.0  2496.0  3530.3 100044.0    99548
read      234.1   126.0    68.9   102.9   115.3   220.4   265.9   289.7   306.1   324.5   347.9   387.0   562.9  1671.5  2504.7  36245.0    36393
read      337.9   329.2    68.9   146.0   168.6   280.4   330.6   360.7   383.5   411.9   453.9   543.6  1676.7  3660.0  7577.6 172310.5   172591
read      187.3    84.9    63.8   107.7   122.0   180.4   200.6   212.3   220.4   231.0   245.5   270.6   364.9  1199.2  3151.1   8387.5     8325
read      258.5   186.0    68.9   100.3   110.9   216.2   286.7   328.8   357.2   388.0   426.8   491.5  1054.4  1944.2  2751.2  73388.5    73684
read      245.6   140.7    63.8   101.0   112.3   224.5   280.3   310.9   331.6   354.5   383.7   431.0   742.9  1429.0  3512.1  48473.5    48420
read      180.8   103.2    59.1   104.3   118.0   171.2   190.8   201.3   210.2   220.0   234.3   260.0   398.2  1192.7  3140.6   6911.5     6828
read      300.6   345.4    68.9   109.5   122.2   209.2   260.1   296.0   328.7   380.7   518.8   865.3  1704.6  3807.9  7630.0 117905.0   118747
read      181.1    71.8    63.8   106.0   119.3   174.8   194.0   205.0   213.7   223.9   235.9   259.5   349.3  1114.6  1377.6   7097.0     7123
read      384.5   388.6    74.4   161.4   186.2   297.0   348.4   383.9   413.0   454.7   523.5  1141.6  1946.0  3983.0  7770.6 175044.5   175577
read      242.0   163.0    68.9   118.1   133.7   220.5   260.9   283.4   299.4   319.3   345.7   392.7   668.9  2385.9  4493.0 147812.5   147498
read      231.4   106.7    68.9   103.8   116.1   222.0   263.8   286.0   301.5   319.8   344.3   384.3   516.4  1216.3  1685.5  35835.0    35814
read      251.8   160.3    68.9    99.8   110.7   223.5   285.0   320.1   344.2   370.6   401.7   456.4   902.9  1746.1  2208.4  59019.0    59488
read      350.6   342.8    74.4   143.5   166.4   283.4   338.0   371.4   397.9   431.8   481.8   626.7  1694.6  3633.2  7880.9 167113.5   167483
read      241.5   180.0    63.8   102.3   112.8   199.2   259.6   295.5   322.6   355.8   400.1   469.6   895.0  2069.7  3372.0  88374.5    88988
read      196.0   156.5    59.1   108.9   122.8   183.3   206.1   218.5   228.5   239.8   255.6   284.2   415.4  3234.8  7540.3   9933.5     9869
read      261.6   241.4    63.8   106.2   118.0   201.6   255.8   292.0   321.3   365.7   439.9   595.5  1158.7  2959.9  6181.8 110860.0   111786
read      253.4   210.1    63.8   101.6   112.3   201.9   266.2   307.7   338.6   374.5   422.0   503.3  1167.3  2221.1  3328.7  92535.0    92736
read      319.2   328.4    68.9   145.0   166.2   270.4   318.5   347.1   369.3   396.8   434.0   504.5  1586.2  4685.4  7540.1 178896.0   178657
read      215.1   119.1    63.8   102.8   113.0   187.0   234.9   264.2   284.7   308.4   338.8   391.3   636.8  1287.9  2849.3 108823.0   108877
read      211.1    90.7    74.4   107.2   121.8   203.4   231.8   248.0   259.6   272.7   291.5   320.9   464.0  1224.3  1597.2  19049.0    19091
read      250.1   236.2    63.8    99.3   109.8   210.6   264.7   293.9   315.5   342.7   382.1   455.4  1202.2  2770.4  7616.4  65691.5    65772
read      270.6   266.9    63.8   100.7   111.5   209.7   275.5   316.7   347.2   383.3   430.3   534.3  1552.3  2916.6  7126.1  79388.5    79060
read      245.2   234.5    63.8   101.9   112.6   194.8   250.4   284.8   311.0   343.6   390.4   474.4  1183.0  2988.0  7050.8  99787.5    99953
read      233.8   179.2    63.8   105.7   120.0   212.9   245.0   263.6   277.0   293.4   315.8   361.9   964.7  2323.6  3379.2  24315.0    24354
read      412.0   659.6    63.8   131.8   152.9   258.1   305.2   335.9   361.5   397.1   469.1  1404.6  3468.3  6777.7  8077.0 143875.5   144236
read      295.8   337.5    68.9   129.4   147.8   244.4   287.9   313.3   333.0   358.2   394.6   465.2  1896.6  3598.2  7674.6 167945.0   168093
read      211.8    74.9    68.9   106.5   121.1   207.8   237.8   254.5   266.6   280.4   298.4   326.5   400.8   835.8  1089.2  21918.0    22028
read      255.3   218.3    68.9    99.3   109.6   209.5   275.4   315.6   344.3   376.4   417.4   484.5  1103.8  2699.3  3765.6  77539.5    77499
read      259.5   269.4    63.8   106.2   118.1   197.9   244.3   273.4   296.1   326.2   373.0   626.4  1424.4  3381.1  5449.1 128704.5   128271
read      213.2   136.6    63.8   104.5   115.2   185.8   229.3   256.0   275.5   298.8   328.2   373.7   603.9  1681.7  3072.4 126674.0   126673
read      236.0   134.3    63.8   100.9   112.4   220.4   267.7   293.5   311.7   332.7   360.1   401.5   605.3  1567.7  3198.7  43493.5    43605
read      242.7   211.4    68.9   102.3   112.9   194.0   248.6   283.4   310.7   344.7   393.1   478.1  1090.3  2729.2  3229.8 103081.0   103217
read      246.1   176.4    68.9   102.0   112.5   199.9   265.2   308.0   339.4   375.0   418.6   485.6   907.4  1930.8  3355.5  94006.0    93706
read      221.2    96.7    68.9   104.9   119.4   214.7   249.5   268.0   281.0   295.7   315.4   345.4   445.9  1250.0  2601.0  23287.5    23247
read      257.1   206.3    63.8    99.7   110.0   212.0   281.1   322.8   351.8   384.7   425.1   491.9  1072.0  2418.5  4258.0  77139.0    77378
read      193.3    78.3    63.8   108.3   124.5   186.5   209.4   221.8   230.8   241.9   256.7   284.1   383.0   977.5  2557.8  10418.5    10495
read      320.4   516.7    68.9   113.9   128.9   218.3   260.4   285.7   305.7   332.0   372.5   550.9  3231.7  5302.5  8058.3 134344.5   134841
read      212.3   112.9    68.9   104.3   114.7   187.0   232.0   259.9   279.7   302.9   331.7   374.4   554.1  1360.3  1823.1 120477.5   120602
read      230.7   119.8    68.9   102.1   114.2   221.0   261.9   283.8   299.5   318.4   343.1   382.9   540.9  1242.1  2364.7  36880.5    36975
read      277.6   328.0    68.9   116.0   131.0   219.7   266.4   294.6   316.3   343.2   382.5   462.4  1693.1  3661.4  7590.7 150994.0   151323
read      212.1   109.6    68.9   102.5   112.5   186.5   235.5   265.2   285.6   309.1   338.3   384.3   541.4  1028.4  2513.8 105035.0   105217
read      214.6   119.0    68.9   103.9   114.2   187.2   235.3   264.8   285.2   308.6   337.7   383.9   590.1  1313.1  2158.1 110775.5   110653
read      211.7   125.6    63.8   104.6   115.4   186.2   229.1   255.7   275.3   298.6   328.0   372.3   546.6  1536.1  3146.5 127886.0   127593
read      213.3   123.8    63.8   102.9   112.9   187.7   238.0   267.6   287.7   310.0   337.4   379.1   504.2  1319.0  2113.1 101274.0   101096
read      229.8   151.5    68.9   116.3   130.3   206.5   245.3   268.5   285.7   306.4   333.8   378.3   589.6  2210.7  3827.3 158860.5   158958
read      215.8   150.0    68.9   107.0   118.5   190.4   231.4   256.7   275.1   297.0   325.2   369.3   558.3  1947.4  4390.0 136471.5   136541
read      230.7   141.7    68.9   117.9   132.1   208.5   246.2   269.0   286.1   306.5   333.3   374.8   570.9  1965.2  3112.1 165248.0   164999
read      224.9   111.4    63.8   117.4   131.4   206.0   243.1   265.7   282.4   302.6   329.6   372.6   518.3  1483.5  2592.9 165108.5   164911
read      234.9   163.7    68.9   100.5   110.7   196.7   256.9   292.7   318.1   347.8   387.7   451.3   777.6  1971.3  2940.0  88089.5    87904
read      282.6   272.4    68.9   126.6   143.8   236.1   281.4   308.6   329.2   354.9   390.8   459.3  1512.2  3438.5  7206.0 169580.5   169356
read      238.9   176.4    63.8   100.1   110.5   209.2   264.8   293.4   314.5   339.9   373.8   434.9   870.6  2174.4  3169.5  67618.5    67870
read      296.1   295.0    68.9   129.8   147.8   242.8   287.0   313.3   333.9   360.1   397.9   487.2  1575.8  3560.9  7063.3 167773.0   167602
read      233.8   139.4    68.9   120.7   135.8   213.1   250.3   272.1   288.7   308.6   335.0   378.2   553.1  2012.7  2956.9 169897.0   170450
read      237.4   146.7    68.9   100.2   110.5   208.9   269.6   301.7   324.8   352.7   388.9   445.6   701.5  1413.8  3207.8  73047.5    72942
read      201.7    88.2    68.9   108.1   124.0   195.3   221.0   234.3   244.8   256.6   272.8   300.7   393.7   978.1  1695.9  13891.0    13873
read      242.5   133.3    63.8   101.6   113.7   224.5   276.1   304.8   323.7   345.4   372.5   417.2   676.1  1417.3  2984.0  45196.5    45295
read      290.7   316.8    68.9   122.1   138.8   232.2   277.2   304.5   325.0   351.5   391.3   487.3  1687.0  3485.5  7570.4 157922.5   157697
read      213.1   111.0    68.9   104.2   114.8   187.3   233.1   261.5   281.6   304.8   334.2   379.6   583.1  1257.4  1843.5 117158.0   117232
read      212.5   105.5    63.8   102.4   112.6   188.3   239.0   268.0   287.9   310.3   337.6   379.7   506.5  1114.4  1930.2 100922.0   101152
read      245.9   143.9    63.8   101.7   113.1   226.3   280.3   310.1   330.8   355.1   385.6   432.0   700.0  1512.9  2931.9  50493.5    50333
read      312.8   376.4    68.9   113.9   129.2   220.6   268.2   297.0   321.3   357.2   425.9  1093.3  1830.6  3659.9  7627.8 136456.0   136447
read      228.7   159.9    63.8   114.7   128.6   204.4   243.3   267.0   284.3   305.4   333.4   378.0   593.8  2604.2  4308.7 158036.5   158298
read      239.7   150.3    63.8   100.6   111.0   212.2   272.0   303.8   326.0   353.4   388.3   441.8   697.6  1653.4  3639.1  69374.0    69328
read      324.9   410.2    68.9   134.7   154.6   255.2   299.5   326.6   347.5   376.1   419.2   515.0  2742.3  5297.9  7799.7 164839.5   164566
read      235.1   168.5    68.9   100.0   110.2   207.2   264.9   295.0   316.7   342.2   375.3   428.9   630.4  2330.1  4098.6  70851.0    70740
read      242.9   194.0    68.9   103.9   115.0   196.6   251.9   288.8   316.7   351.6   400.2   481.5   962.2  2433.7  3756.6 106984.0   106915
read      213.1   123.1    63.8   104.8   115.6   186.6   230.1   257.1   276.7   300.2   330.2   375.9   587.3  1542.2  2389.1 126838.0   126425
read      242.8   161.7    68.9   100.7   111.0   205.5   269.2   306.0   333.3   365.4   403.8   466.0   814.6  1815.0  2748.2  79524.0    79083
read      255.2   281.1    63.8   110.9   123.9   205.7   250.2   276.3   296.3   321.0   357.3   427.9  1477.1  3460.0  7222.5 143102.0   143445
read      241.3   175.9    68.9   119.4   134.3   215.7   256.2   280.3   298.0   320.0   350.1   401.5   628.6  2501.8  6203.8 165266.0   165502
read      232.1   127.1    68.9   101.8   113.4   219.9   262.5   285.5   302.1   321.0   346.9   388.6   568.2  1587.2  2758.7  40743.0    40820
read      227.4   107.0    68.9   105.4   119.5   219.7   255.3   273.8   287.8   303.9   324.2   359.5   508.4  1422.3  2542.0  25011.5    25097
read      224.4    96.3    68.9   105.1   119.0   217.5   254.6   273.9   288.0   303.8   322.4   356.0   457.4  1077.5  1742.3  26666.5    26808
read      250.5   223.8    68.9    99.6   110.3   212.9   275.8   312.2   337.6   367.0   403.6   464.2   881.7  2541.6  9281.9  72573.5    72990
read      255.0   234.4    63.8   104.8   116.2   197.6   250.0   284.8   313.3   352.2   415.3   557.4  1301.3  2551.0  5996.2 113997.5   113963
read      239.0   173.8    63.8   102.2   112.7   197.0   255.5   291.9   318.7   353.2   398.7   468.5   824.9  2164.3  3190.5  97175.5    97475
read      216.6   123.2    68.9   107.6   123.0   209.2   239.3   255.9   267.6   280.8   297.3   327.2   422.7  1448.5  3567.4  18628.0    18649
read      342.1   502.6    68.9   125.0   143.0   240.3   285.7   314.8   339.1   372.1   426.1   611.7  3094.4  5364.5  9017.4 150396.0   150293
read      213.7   121.6    59.1   104.2   114.7   187.0   231.8   259.8   279.7   303.1   332.6   378.5   611.6  1395.9  2917.0 118799.5   119407
read      243.5   249.1    63.8   100.6   110.9   204.8   268.1   303.4   328.8   358.8   396.8   458.3   754.4  2222.2 12317.7  80017.0    79895
read      262.4   292.2    68.9   111.2   124.3   208.1   253.0   279.6   299.4   324.0   359.4   434.3  1653.8  3405.4  7227.2 137602.0   137569
read      226.8   121.2    68.9   109.1   120.2   200.0   249.4   278.1   298.6   322.6   354.1   403.8   649.3  1362.4  1987.0 109862.5   109784
read      262.2   195.4    68.9   104.7   116.5   234.0   289.6   319.6   341.6   367.1   400.2   458.8  1041.3  2245.9  3379.6  52196.0    52195
read      291.0   255.4    59.1   110.3   123.2   220.4   296.9   355.9   397.0   441.6   499.0   608.3  1433.6  2577.3  5395.2  97295.0    97072
read      266.4   184.7    68.9   103.4   114.6   222.3   298.1   343.0   372.4   403.9   444.3   513.5   980.1  2015.6  3109.3  75397.0    75134
read      300.7   264.1    68.9   111.1   124.9   227.0   310.8   372.4   412.2   456.0   513.6   628.8  1495.5  2761.2  6254.2  97162.0    96879
read      303.5   230.1    68.9   137.8   157.4   264.8   315.7   346.7   371.4   401.9   445.4   524.9  1391.7  2686.4  7667.4 160409.0   160599
read      252.6   175.0    68.9   104.6   115.7   218.7   281.8   316.7   342.2   373.1   414.2   477.4   791.0  1890.4  3718.8  71008.5    71249
read      269.1   195.4    63.8   104.9   116.5   221.3   297.7   344.6   375.4   409.6   452.0   525.1  1078.5  2131.9  3329.9  78661.0    78672
read      265.7   184.0    68.9   104.0   115.4   230.0   301.0   341.1   368.3   398.3   435.3   496.1   882.1  2032.1  4506.4  66052.5    66141
read      328.1   311.9    68.9   142.3   163.7   274.2   326.7   359.6   385.5   418.6   465.5   557.7  1694.8  4047.9  7569.7 156948.0   157119
read      242.8   182.6    68.9   107.5   121.0   231.0   270.8   292.5   308.7   327.2   350.3   390.5   583.4  1772.9  7715.4  32570.5    32402
read      325.9   463.2    68.9   116.6   131.8   223.3   269.9   297.8   321.3   353.7   407.7   868.0  2730.1  4803.2  7999.8 120514.0   120835
read      222.3   115.7    63.8   106.4   117.2   196.7   248.7   278.1   298.5   321.6   351.7   399.0   564.5  1184.9  2656.0 101046.0   101524
read      318.6   184.2    68.9   149.8   171.6   289.1   346.4   383.0   410.6   445.2   490.6   559.7   716.6  2587.1  5567.9 177426.5   177702
read      293.5   196.2    68.9   137.0   156.8   264.6   315.4   345.3   369.2   398.4   438.6   507.5   729.7  3075.2  6290.9 155225.5   154983
read      344.3   207.8    68.9   158.0   181.9   307.0   371.1   414.2   448.4   490.4   543.5   623.3   801.5  3038.3  4658.6 175292.0   175537
read      319.4   199.3    68.9   143.8   165.7   282.3   342.3   381.5   412.3   452.4   506.0   591.8   775.1  2835.6  5303.2 177556.0   177715
read      230.7   127.1    68.9   110.1   124.2   219.3   254.9   274.8   289.8   307.4   330.1   367.9   546.7  1437.4  2767.4  25884.0    26001
read      337.3   315.0    74.4   146.0   168.4   285.1   340.8   375.2   401.7   435.0   482.5   571.0  1674.8  3689.1  7664.1 159717.5   159885
read      247.7   158.9    68.9   119.3   134.3   221.3   266.3   292.4   312.3   336.6   368.8   424.3   676.1  2270.8  3178.4 144702.5   144266
read      253.0   181.6    68.9   120.1   135.5   222.9   267.9   294.3   314.5   339.6   373.1   432.0   820.2  2630.5  4294.8 142594.0   142386
read      247.5   135.5    68.9   105.6   118.2   233.3   279.7   304.7   322.3   343.4   370.3   413.8   708.7  1661.0  2160.9  39534.5    39646
read      271.0   183.8    68.9   105.1   116.6   233.7   305.3   345.2   373.1   403.5   441.6   511.9   982.5  1893.6  3403.6  63714.5    63535
read      303.5   340.9    68.9   116.3   130.9   225.3   281.4   317.2   346.8   389.7   465.8   700.6  1880.9  3666.3  7579.2 111808.0   111750
read      348.7   230.9    74.4   161.6   186.6   312.6   376.5   418.2   450.6   491.0   543.1   622.0   797.2  3101.6  4282.3 178542.0   178544
read      276.2   176.5    63.8   130.3   148.5   247.8   295.5   323.9   345.8   373.6   413.9   487.9   730.4  2733.9  3736.5 143572.0   143598
read      232.9   149.4    68.9   112.1   125.0   206.3   252.3   279.4   298.9   322.3   352.8   401.9   643.9  1896.9  3242.4 123221.5   123314
read      232.2   142.9    68.9   111.2   123.2   203.8   251.8   279.9   300.2   323.9   356.3   408.2   676.9  1846.4  2877.6 117150.5   116900
read      227.7   133.6    68.9   109.8   121.3   201.0   249.4   277.2   297.6   321.2   351.7   399.8   617.8  1608.7  3086.1 111600.5   111580
read      232.9   137.8    68.9   113.1   126.4   208.1   252.8   279.1   298.1   321.2   352.1   401.4   629.2  1927.9  2868.5 128859.0   129042
read      247.3   182.5    68.9   115.2   129.5   216.4   264.0   291.4   311.7   336.3   369.3   429.3   796.8  2681.8  3943.1 129647.5   129909
read      321.0   189.8    68.9   147.5   169.6   289.1   347.8   385.6   414.7   451.6   499.9   574.9   743.1  2973.8  3858.8 176454.5   176569
read      221.1    91.9    68.9   112.1   127.4   216.4   245.1   261.4   272.8   287.1   304.6   333.4   425.8  1181.6  2653.1  18620.5    18561
read      281.4   254.2    68.9   106.4   118.5   221.4   295.6   343.6   376.8   414.0   461.6   558.8  1345.3  2786.5  7362.0  82803.5    82982
read      260.9   148.9    68.9   104.2   116.1   236.7   297.7   332.0   355.8   382.8   416.0   467.0   810.1  1478.9  2109.9  53076.0    53156
read      310.9   350.7    68.9   124.7   142.1   243.8   294.9   326.2   350.8   383.7   432.0   544.8  1908.0  3787.2  7722.8 141218.5   141177
read      236.4   103.3    68.9   110.9   126.6   229.2   264.9   283.3   296.3   312.7   334.1   369.3   518.1  1340.0  1661.7  24600.5    24545
read      224.6    94.2    74.4   111.7   128.3   217.6   249.8   266.6   278.1   292.6   311.9   343.0   460.4  1180.7  1872.3  17939.5    18002
read      299.5   360.8    68.9   118.7   134.7   232.3   282.6   312.2   335.3   365.0   407.6   505.9  2336.7  3607.7  7847.4 131480.0   131807
read      250.3   136.4    68.9   104.8   117.3   234.4   286.0   313.1   332.3   354.7   383.2   427.9   677.8  1530.1  2723.6  43144.5    43050
read      267.9   178.3    68.9   106.2   118.5   239.2   301.0   335.3   359.5   387.1   421.7   478.3   918.0  2084.1  3702.4  51210.0    51137
read      370.3   332.9    74.4   165.3   190.9   315.5   372.9   407.2   434.1   467.7   513.4   603.1  1679.9  4110.7  7697.5 163819.0   163650
read      247.6   139.0    63.8   104.8   116.1   219.9   281.4   314.8   339.2   368.1   405.3   464.0   688.3  1399.5  1987.7  65793.0    66060
read      237.1   118.3    59.1   108.8   123.6   226.8   264.6   285.1   299.6   317.3   341.2   383.3   548.5  1437.2  2711.8  22324.0    22129
read      230.3   107.0    68.9   110.7   127.6   222.7   255.3   273.6   287.1   302.5   321.9   360.3   489.4  1166.4  3790.0  19005.5    18840
read      263.1   172.5    59.1   104.2   116.6   237.3   296.3   328.9   350.5   376.0   408.1   462.1   899.7  1879.5  3436.1  48168.0    47897
read      306.4   390.1    68.9   122.1   138.5   237.3   287.4   317.1   340.5   370.8   417.5   521.1  2579.0  4290.6  7894.6 132619.0   132763
read      232.9   110.0    68.9   110.6   126.1   226.2   260.0   278.1   291.4   307.0   326.7   361.3   494.0  1480.2  2677.6  23222.5    23044
read      332.6   195.0    74.4   159.7   183.9   305.9   361.2   394.2   419.4   450.3   492.1   558.4   743.8  2745.6  6110.1 171337.5   171915
read      228.3   138.3    63.8   112.1   128.9   218.7   250.0   268.2   281.4   296.7   318.4   354.3   462.9  1555.4  6051.2  19283.0    19334
read      355.7   500.7    68.9   121.6   138.7   240.7   290.5   321.7   348.5   386.7   457.3  1238.2  2937.1  5445.3  7997.2 125371.0   125579
read      261.8   176.9    68.9   106.4   120.4   241.2   289.5   315.7   334.9   357.8   388.3   440.5   931.8  1845.7  7174.4  34447.5    34383
read      387.3   400.2    74.4   166.5   192.7   320.8   382.5   421.9   453.1   493.0   547.5   646.0  2600.3  4983.7  7869.5 158523.0   159031
read      247.9   166.0    68.9   117.9   132.5   220.8   267.5   294.2   314.4   338.9   371.2   427.7   668.0  2212.4  3709.7 134262.5   134136
read      344.1   241.8    74.4   154.5   178.9   306.8   368.0   404.8   434.1   469.2   518.6   598.6   841.5  3406.8  6600.7 164345.0   164266
read      244.1   223.8    68.9   109.7   120.9   207.5   260.7   290.3   311.6   337.0   370.3   429.1   847.3  3055.3  7446.1  99385.5    99195
read      283.9   287.3    68.9   106.1   118.0   240.3   297.2   328.8   352.9   383.1   423.0   502.9  1463.6  3875.6  7630.0  51448.5    51531
read      454.1   635.4    74.4   166.7   193.9   314.4   376.8   420.3   456.3   505.4   589.4   896.1  3625.5  7539.3  8242.0 146829.5   146794
read      256.4   226.8    68.9   112.1   125.2   214.5   264.9   293.9   315.7   342.3   379.6   451.5  1338.4  2800.9  6171.3 108170.0   108372
read      245.7   218.5    68.9   110.6   122.7   207.3   258.8   288.6   310.3   336.3   370.3   431.0   987.6  2629.4  7014.3 107725.0   107914
read      244.4   202.4    68.9   110.3   122.3   206.4   256.7   286.6   308.4   334.5   369.7   433.3   968.3  2756.9  4971.2 111554.5   111421
read      272.6   198.1    68.9   107.2   119.1   226.0   300.6   344.1   374.4   409.4   452.5   530.9  1079.6  2191.2  3152.1  75106.5    75121
read      274.0   184.1    68.9   106.0   118.5   243.3   308.6   345.8   371.5   399.7   435.2   500.7   934.8  2000.9  3698.8  52854.0    52675
read      331.8   457.5    68.9   116.8   132.5   233.6   285.0   316.5   342.1   378.1   445.0   866.8  2597.2  5193.1  8130.4 120611.5   120632
read      200.7   117.6    68.9   110.9   129.0   191.2   213.8   226.3   234.8   246.8   262.4   290.2   412.7  1341.7  4662.9   7452.0     7372
read      393.4   396.1    74.4   155.1   180.5   311.5   378.9   421.8   455.3   498.0   560.9   720.5  2185.4  4398.6  7909.6 152329.0   152583
read      229.6   146.8    68.9   108.6   119.9   201.0   251.6   280.5   300.9   325.2   356.6   403.5   632.9  1865.2  3655.7 101371.0   101484
read      248.5   126.3    68.9   109.9   126.5   235.7   277.4   300.0   316.6   337.3   363.2   403.1   615.7  1623.1  2811.4  24091.0    23959
read      399.7   471.1    63.8   151.7   176.9   294.4   350.0   387.2   417.9   460.2   534.7  1291.2  2579.0  4888.6  9891.8 146403.0   146209
read      255.9   190.0    59.1   104.7   115.7   217.1   283.8   320.7   347.9   380.1   420.8   487.1   853.0  2466.9  3489.2  75549.5    75099
read      263.0   162.4    68.9   104.9   117.8   240.3   296.9   326.4   346.7   371.7   403.1   457.8   851.2  1897.1  3766.9  40111.0    39946
read      298.3   299.7    68.9   106.6   120.4   247.4   306.7   339.2   362.4   390.7   430.4   551.8  1546.4  3476.5  7872.6  38741.5    38762
read      353.0   469.7    59.1   111.6   126.2   232.4   312.3   373.7   421.0   479.1   572.3   900.6  2441.5  5424.4  8000.6  92369.0    92506
read      424.1   444.1    74.4   178.6   205.4   336.8   402.0   440.9   469.4   504.8   558.0   783.4  2585.6  5116.0  8058.9 169940.0   169919
read      257.8   222.5    68.9   110.5   122.9   216.7   270.3   301.3   324.7   354.9   396.8   473.7   979.6  2968.7  4313.6  88410.5    88331
read      384.0   313.0    74.4   178.4   205.3   336.8   397.6   434.1   462.9   498.3   547.2   636.2  1537.9  4308.8  7728.4 172862.0   172554
read      261.4   248.6    68.9   108.8   120.7   211.6   269.9   306.7   334.8   370.3   421.5   511.5   928.8  3701.8  7142.3  94115.0    94380
read      323.3   373.0    68.9   137.9   157.1   266.2   316.7   346.6   370.2   399.8   444.0   534.5  2354.2  5148.8  7890.0 157319.5   157069
read      213.3    97.1    63.8   101.7   112.3   205.8   252.8   272.7   286.5   301.6   320.2   353.0   430.4   648.0  2383.2  64215.5    64426
read      210.8   274.0    68.9   107.4   119.9   207.8   232.2   245.3   254.1   265.9   279.8   303.0   359.1   469.4 14392.5  27117.5    27114
read      206.5    84.6    68.9   108.5   119.8   189.3   228.2   252.5   270.7   291.5   316.8   353.4   434.9   650.1  1930.7 146661.5   146723
read      212.9    86.9    68.9   109.4   120.8   195.1   237.7   264.2   282.4   303.2   328.9   366.8   451.2   689.6   946.6 129578.0   129322
read      215.1    94.4    63.8   107.3   118.5   195.7   243.1   270.5   289.7   310.7   336.2   373.0   462.0   686.1  2574.3 112728.5   112436
read      241.2   109.9    68.9   125.7   141.4   226.2   267.1   290.6   308.0   328.4   355.4   397.9   508.2   902.4  3167.0 159085.0   158947
read      219.8    87.4    68.9   113.3   126.1   202.4   244.9   270.5   288.9   310.1   335.9   373.7   465.8   756.4  1211.6 132998.0   132982
read      212.2    66.4    63.8   115.5   132.3   213.7   234.9   247.2   255.0   265.9   278.3   301.5   350.1   453.8  2119.9  17144.5    17205
read      217.1    89.1    63.8   111.1   123.9   222.1   247.6   260.9   270.1   281.2   295.0   317.8   370.2   458.9  1904.9  28744.5    28921
read      224.6   128.5    68.9   104.6   116.0   216.5   266.3   287.8   302.1   318.1   339.2   371.1   447.2   739.6  7366.7  64114.0    64279
read      199.9    76.2    63.8   114.7   131.7   197.9   216.9   227.6   234.5   244.9   257.3   276.4   331.7  1083.0  3587.7   6526.5     6553
read      224.6    81.9    63.8   108.0   120.2   228.9   264.0   280.1   291.4   304.9   320.8   346.9   403.1   484.4  2106.9  42105.5    42137
read      213.3    92.1    63.8   107.0   118.2   194.1   241.1   268.8   287.6   308.3   332.8   368.6   451.2   673.7  1939.3 114924.5   114977
read      291.8   108.9    74.4   150.2   171.0   276.0   324.9   353.5   374.2   400.0   433.0   484.1   589.3   785.4  2014.9 178794.5   179048
read      221.2   104.8    63.8   109.6   122.7   225.5   253.3   267.7   277.3   289.6   304.9   328.7   384.0   511.2  4040.4  32585.5    32512
read      219.8    84.0    63.8   104.2   115.7   221.2   261.1   278.7   291.2   305.7   323.1   351.3   411.0   497.8  1087.3  51610.5    51984
read      222.4    85.1    63.8   104.9   116.3   220.3   265.0   284.5   297.3   313.2   333.0   363.4   430.8   560.1   774.3  56757.5    57047
read      212.1    89.9    63.8   104.3   115.0   193.8   245.6   272.7   290.4   309.6   332.6   367.3   442.7   587.9   926.8  95968.0    96225
read      199.4    62.8    74.4   114.1   131.4   198.7   218.1   228.8   235.5   246.0   258.1   278.4   329.9  1059.1  1287.2   9820.5     9761
read      221.1    89.3    63.8   104.3   115.4   217.9   263.4   283.5   296.6   312.3   331.8   362.5   429.0   541.0  1840.5  59758.0    59992
read      218.8    95.4    68.9   103.6   114.6   210.2   260.1   281.8   295.7   312.1   332.7   364.8   430.2   547.1  2659.3  67679.5    67784
read      214.1    87.4    63.8   109.5   120.8   195.7   240.0   266.9   285.6   306.5   331.5   368.4   457.4   717.1  1182.9 123154.5   123566
read      225.4   110.6    68.9   117.2   130.8   208.1   249.0   272.8   290.5   311.0   336.9   375.8   472.4   865.7  3991.6 143267.0   142985
read      215.1    86.3    68.9   111.2   123.4   198.1   239.4   265.1   283.4   304.3   329.2   366.5   452.2   719.6  1285.2 134597.0   134441
read      221.3    81.0    68.9   105.6   117.4   223.4   262.0   279.2   291.3   305.4   321.6   348.0   408.8   494.9  1554.7  47980.0    48150
read      202.4    63.6    68.9   116.3   133.4   201.4   221.3   232.3   240.7   251.1   264.5   284.2   333.9  1037.3  1418.7   8535.5     8405
read      216.4    72.4    68.9   112.8   128.9   219.3   243.5   256.1   265.8   275.6   291.2   315.1   370.9   473.7  1997.7  22590.0    22657
read      220.6    90.1    63.8   113.6   126.8   203.7   245.8   270.6   288.7   309.6   335.5   373.8   467.3   733.6  1446.1 138409.0   138316
read      219.5    92.7    63.8   103.9   115.0   210.8   261.2   283.3   297.5   314.2   334.8   366.1   433.8   558.1  2666.9  68201.0    68078
read      264.4   118.8    68.9   137.6   155.3   247.6   290.7   315.6   334.6   357.7   388.9   439.9   575.1   914.7  3819.5 166721.0   166775
read      215.9    95.1    63.8   104.3   115.1   200.5   253.6   278.5   294.4   312.6   334.6   367.5   437.9   602.8  1937.6  83288.0    83276
read      214.2    90.1    63.8   103.3   113.8   199.5   253.3   277.7   293.4   310.6   331.8   365.0   434.8   566.6  1133.8  83106.5    83068
read      216.7    93.8    63.8   104.6   115.2   199.1   253.3   279.4   296.4   315.5   338.9   373.1   456.9   638.0  1951.3  86995.5    86920
read      219.1    91.2    63.8   104.2   115.0   206.9   260.4   284.5   299.8   317.2   339.4   371.6   437.1   558.2  1305.6  75708.0    75292
read      222.6    93.3    68.9   113.5   126.6   204.7   248.0   273.4   292.0   313.3   340.0   379.6   481.5   781.9  2244.0 131229.5   131065
read      200.6   135.7    63.8   113.7   129.6   196.9   216.8   227.4   234.2   244.1   255.5   276.0   335.4  1617.2  7807.9   5494.0     5428
read      222.0    74.6    68.9   108.5   121.0   227.0   258.2   273.0   284.0   295.7   312.8   338.8   394.4   486.8   799.7  36521.0    36693
read      218.4    86.6    68.9   114.4   127.9   202.3   242.6   266.8   284.3   304.6   329.7   367.6   449.8   741.5  1499.3 144189.5   144157
read      219.5   106.1    59.1   103.7   114.9   216.5   261.4   280.8   294.0   309.7   328.6   357.6   419.9   526.3  2173.6  59013.5    58995
read      212.1   102.4    68.9   106.1   117.1   192.9   240.1   268.5   287.2   307.5   331.6   367.3   448.0   640.1  1659.6 111698.5   111780
read      257.3   104.0    68.9   136.2   153.7   242.5   283.7   307.6   324.8   345.9   374.5   422.5   538.2   872.0  3019.4 173326.5   173092
read      222.2    76.2    63.8   107.4   119.4   227.1   260.4   275.7   286.9   298.5   315.3   341.4   402.2   505.6   782.7  40909.0    40873
read      223.1    96.1    59.1   105.9   117.2   226.2   263.7   280.5   292.2   306.3   323.0   351.8   411.4   514.5  2603.9  47584.0    47593
read      212.0    87.7    63.8   104.0   114.6   194.8   246.3   272.9   290.2   309.1   331.8   365.6   436.6   575.5   762.0  96258.0    96318
read      193.9    92.9    68.9   109.3   124.9   191.5   211.4   221.9   229.4   237.5   250.7   270.1   320.3  1135.1  4070.8   5014.0     5015
read      213.5    90.2    63.8   103.6   114.3   197.5   250.2   275.6   292.0   310.3   332.3   365.5   439.3   598.3  1661.6  86188.0    86828
read      214.3   191.7    63.8   104.3   115.0   192.9   242.3   269.9   288.0   308.0   332.4   369.0   454.0   684.1 12143.2 104984.5   105001
read      220.8   103.2    63.8   116.0   129.8   204.7   243.4   266.8   284.2   305.0   331.0   370.5   465.6   778.7  1061.3 152946.0   152564
read      212.6    89.3    63.8   109.0   120.3   194.7   237.7   264.0   282.3   303.2   328.3   366.0   450.1   669.4  1434.3 126988.5   126941
read      250.8   146.6    68.9   130.6   147.5   234.8   275.7   299.4   317.1   338.7   366.8   412.1   533.5   955.0  6385.5 164739.5   164964
read      213.9    99.5    63.8   105.3   116.3   195.0   244.5   271.8   289.7   309.5   333.7   369.3   453.3   669.0  2732.5 104398.0   104707
read      216.8    92.3    63.8   108.9   120.2   197.9   243.3   270.3   289.0   310.1   336.0   374.4   471.5   758.6  1477.9 121735.0   121430
read      212.8   108.4    63.8   108.1   119.3   194.1   238.4   265.3   284.0   304.7   329.2   365.8   450.5   689.8  3110.3 123000.0   123148
read      212.2    87.3    63.8   106.6   117.7   194.0   241.0   268.2   286.6   306.8   330.8   366.1   447.0   652.0  1089.5 114110.5   114226
read      216.7    90.2    63.8   112.2   125.1   199.5   239.4   264.3   282.2   303.3   329.6   369.7   466.5   778.8  1093.9 146065.0   146363
read      213.0    79.0    63.8   107.2   119.7   216.8   244.3   258.4   268.4   279.9   294.6   318.1   372.3   461.1  3515.9  32751.5    32837
read      209.1    85.7    63.8   100.4   110.7   198.1   249.5   271.3   285.3   300.1   318.6   348.3   416.6   542.3   959.2  74777.0    74974
read      213.5    96.0    68.9   109.7   123.2   215.5   241.3   254.6   264.6   274.6   289.9   312.9   366.5   570.9  3021.8  27572.0    27541
read      210.4    83.0    59.1   111.4   123.7   194.4   231.8   254.8   272.0   292.3   317.4   355.9   441.2   708.6  1429.3 155293.5   155232
read      232.8    99.8    68.9   124.2   139.7   217.8   254.9   277.3   294.0   314.3   340.7   383.6   497.6   881.0  1850.2 173944.5   173952
read      206.8    90.1    68.9   107.9   119.1   189.0   228.5   252.7   270.6   291.5   316.6   355.1   439.0   726.9  2508.9 143978.0   143455
read      219.9    86.2    68.9   117.7   131.5   204.9   241.2   263.7   280.2   300.1   326.1   366.6   464.5   782.3  1821.4 165774.0   165838
read      203.9    92.5    63.8   100.0   110.0   184.9   235.3   262.4   279.4   297.6   319.4   352.7   428.2   617.4  2202.0  99482.5    99639
read      226.3    87.6    63.8   120.9   135.7   211.5   248.2   270.2   286.8   306.6   332.7   373.8   486.0   840.1  1674.2 171707.5   171706

