#type       avg     std     min      p5     p10     p50     p67     p75     p80     p85     p90     p95     p99    p999   p9999      QPS   target       ts_start         ts_end
read      176.6    72.5    68.9   108.1   117.0   170.3   193.2   205.4   214.3   225.0   238.2   263.4   325.5   507.2  2731.8  29911.9    30000  1747427785961  1747427796133
read      188.0    90.0    68.9   103.8   113.3   178.6   209.3   225.6   236.5   251.3   270.1   298.8   365.2   831.6  3201.3  30062.2    30005  1747427797645  1747427807766
read      179.4   116.6    74.4   104.4   113.6   172.3   196.3   209.2   218.0   229.2   244.0   270.4   348.8   629.0  6584.8  30042.8    30010  1747427809277  1747427819377
read      178.9    97.0    74.4   107.4   116.0   171.7   195.1   207.8   216.8   228.0   242.6   268.8   347.5   640.7  3463.4  30105.8    30015  1747427820889  1747427830992
read      181.2   155.2    74.4   105.0   114.1   174.3   198.8   212.0   221.1   232.1   247.4   273.0   352.1   669.8  3426.1  30000.5    30020  1747427832503  1747427842602
read      179.3    74.1    74.4   105.3   114.4   174.2   198.5   211.3   220.0   230.6   244.7   268.7   336.1   534.8  2352.1  30013.4    30025  1747427844112  1747427854209
read      180.0    70.2    68.9   104.3   113.7   174.6   199.3   212.3   221.4   232.2   247.5   272.9   346.5   542.7  2233.0  30054.3    30030  1747427855720  1747427865819
read      217.9   178.7    68.9   107.7   118.2   187.1   217.5   235.0   250.2   270.9   304.5   389.0   947.3  2304.7  4919.0  29950.6    30035  1747427867330  1747427877429
read      190.5   122.8    74.4   105.1   114.4   177.3   205.1   219.7   230.1   242.6   259.5   289.8   439.9  2039.6  3886.3  30072.1    30040  1747427878941  1747427889042
read      193.4   157.0    68.9   104.5   113.1   173.4   201.7   217.0   227.8   240.1   257.1   291.3   701.9  2303.9  4768.0  30105.7    30045  1747427890554  1747427900653
read      176.7   105.4    74.4   102.0   109.8   166.7   192.1   205.6   215.4   226.9   241.4   267.3   365.9  1541.9  3889.7  30045.2    30050  1747427902164  1747427912263
read      178.1    85.4    74.4   102.4   110.7   169.3   195.6   209.6   219.1   230.7   245.7   270.4   362.9  1191.5  2476.8  30089.3    30055  1747427913775  1747427923874
read      184.7   107.6    74.4   103.7   112.4   174.3   202.0   216.8   227.2   238.9   254.4   281.9   385.7  1637.4  3909.7  30050.0    30060  1747427925386  1747427935484
read      172.6    96.7    74.4   100.2   107.6   163.4   187.4   200.4   210.1   220.9   235.0   261.5   350.8  1388.2  3166.2  30031.9    30065  1747427936996  1747427947095
read      180.8   115.6    74.4   103.2   111.5   169.0   195.6   210.0   220.0   231.8   247.4   272.4   380.6  1826.1  4178.9  30056.6    30070  1747427948606  1747427958707
read      177.2    99.1    74.4   101.6   109.7   167.6   192.7   206.3   216.2   228.1   243.5   270.2   367.8  1354.1  3566.0  30229.1    30075  1747427960218  1747427970316
read      182.1    94.7    74.4   105.2   113.5   172.5   200.1   215.0   225.4   236.3   252.0   275.1   355.5  1240.2  3900.7  30133.6    30080  1747427971828  1747427981926
read      181.8   114.3    74.4   103.0   111.3   170.8   197.2   211.4   221.3   233.0   249.1   274.3   380.5  1793.7  3726.7  30240.1    30085  1747427983436  1747427993538
read      182.9    89.9    68.9   105.8   114.7   174.0   198.6   211.9   221.2   232.4   248.7   278.6   392.9  1307.7  2565.2  30028.3    30090  1747427995047  1747428005144
read      185.5    80.5    74.4   108.6   118.0   178.0   202.7   216.2   226.1   237.0   254.4   285.6   367.5   806.8  3069.0  30089.5    30095  1747428006656  1747428016756
read      183.2    76.5    74.4   105.3   114.9   176.8   202.2   215.7   225.4   235.6   251.5   277.8   363.1   655.5  2525.1  30140.9    30100  1747428018267  1747428028366
read      183.0    71.0    74.4   106.2   115.5   177.1   202.0   215.4   225.0   235.3   251.0   275.3   358.1   578.0  2315.0  30144.7    30105  1747428029877  1747428039978
read      178.0    78.8    74.4   104.5   113.7   171.7   195.3   208.0   216.9   228.0   242.3   268.1   342.7   732.4  3087.3  30075.9    30110  1747428041490  1747428051589
Terminated
