Timestamp start: 1747215349295
Timestamp end: 1747216189567

#type       avg     std     min      p5     p10     p50     p67     p75     p80     p85     p90     p95     p99    p999   p9999      QPS   target
read      196.4   104.1    68.9   113.1   130.2   183.8   204.2   215.6   224.3   234.1   249.0   274.5   684.1  1265.1  1973.2   8073.0     8195
read      307.1   465.1    68.9   121.0   137.5   234.0   273.6   295.4   312.2   333.2   364.3   435.9  3257.7  5334.5  7961.4 157963.7   158594
read      219.8   156.8    68.9   108.9   120.2   188.9   226.8   250.4   268.3   290.4   319.7   373.6   904.4  1968.4  3176.0 149587.3   149766
read      193.4    90.3    68.9   110.7   127.0   183.2   204.6   217.0   226.4   236.3   252.2   280.2   482.3  1183.1  1869.8  10384.3    10382
read      303.8   365.9    68.9   129.5   148.0   247.6   286.9   309.1   325.6   346.4   379.3   459.3  2052.6  4184.7  8113.2 170483.0   170548
read      213.2   133.0    63.8   108.3   119.4   186.9   224.9   248.4   266.6   288.9   317.8   366.5   713.5  1629.4  3129.0 150615.3   150565
read      205.5   120.6    63.8   104.0   114.3   179.5   218.1   243.4   263.1   286.7   317.2   367.4   621.9  1245.7  3832.6 137103.3   137144
read      208.8   139.8    63.8   105.1   115.7   181.6   219.5   243.8   262.6   285.3   314.6   362.7   673.0  1857.3  3431.3 143506.0   143496
read      209.7   132.3    63.8   106.1   116.7   183.0   221.3   245.8   264.7   287.4   316.8   365.5   643.0  1681.3  2948.5 144590.7   144743
read      204.2   109.1    59.1   100.7   110.3   176.8   221.3   249.4   270.0   294.2   325.2   376.3   557.8  1191.8  1993.7 116684.3   116745
read      208.3   144.6    59.1   103.8   114.0   180.7   221.6   247.7   267.3   291.0   320.5   369.5   645.5  1467.8  2847.4 129560.0   129314
read      211.6   133.0    68.9   107.5   118.5   185.4   223.7   247.8   266.5   289.1   318.2   366.9   649.2  1622.8  3187.8 144706.0   144723
read      209.2   127.5    63.8   103.0   112.9   181.6   225.7   252.7   272.7   296.0   324.7   370.8   582.8  1670.8  2365.1 117741.3   117379
read      213.5   132.8    68.9   104.3   114.6   184.6   228.3   255.4   275.6   299.5   330.3   379.6   668.1  1707.8  3250.0 120119.7   119931
read      220.1   155.8    63.8   107.7   118.8   189.7   231.6   257.8   277.4   301.0   331.7   381.8   740.1  2031.6  3579.4 132473.7   132052
read      223.4   163.2    68.9   110.3   121.9   193.8   233.9   259.7   278.4   301.3   331.9   382.0   755.6  2298.2  3562.1 143578.3   143350
read      222.6   157.5    68.9   110.3   122.3   195.3   234.9   259.8   278.1   300.7   330.7   379.7   646.2  2007.3  4320.4 143505.7   143518
read      243.4   162.9    68.9   122.6   138.4   220.0   259.2   282.3   299.2   320.0   348.7   398.7   682.5  2071.3  5003.8 173152.7   172981
read      313.7   508.5    68.9   107.5   119.8   214.5   276.2   318.0   356.4   409.0   484.0   660.5  2376.2  5330.4 22659.8  94095.3    94027
read      254.5   193.8    68.9   123.6   139.6   224.5   265.0   288.4   306.2   328.1   358.6   413.0  1189.3  2634.8  4659.9 170047.7   170019
read      261.4   172.8    68.9   130.9   148.1   236.0   278.3   303.4   321.6   345.2   377.5   432.9   636.3  2584.3  4582.5 179306.0   179090
read      260.0   189.6    63.8   101.9   113.4   227.1   280.4   312.0   335.7   364.9   402.6   475.1  1069.7  2017.7  3306.9  47031.3    47130
read      236.7   119.1    63.8   110.2   128.6   223.1   259.9   279.8   294.1   311.4   333.7   372.3   708.4  1438.1  2391.8  19435.7    19439
read      320.8   521.8    68.9   114.2   128.9   225.0   274.5   301.1   319.8   344.2   381.5   507.8  3296.5  6305.6  9151.5 128882.7   128963
read      238.9   126.2    68.9   107.6   124.2   224.6   263.5   285.1   300.6   319.2   344.5   388.9   696.2  1446.9  2371.1  23859.7    23787
read      304.2   344.2    68.9   103.2   115.1   232.1   305.1   350.3   382.5   418.9   466.6   593.1  1856.3  4126.7  7783.8  61858.7    61848
read      276.0   355.4    68.9   106.5   117.8   203.7   257.3   290.7   316.5   353.9   419.4   562.8  1814.3  4729.4  7743.2 101835.0   101968
read      215.4   124.6    68.9   104.8   115.2   187.4   233.8   262.5   282.9   307.1   338.4   390.3   605.5  1456.7  3058.7 108980.0   108767
read      320.7   411.3    63.8   110.2   123.0   221.2   286.7   334.7   378.5   437.4   521.5   749.2  2195.8  4664.9  7989.6  97094.7    97139
read      256.1   230.0    68.9   118.7   133.4   217.6   260.9   286.0   304.6   327.1   358.9   418.2  1424.8  3001.1  5354.7 158344.7   158594
read      218.0   133.1    63.8   110.3   121.8   192.2   231.1   255.4   274.0   296.5   326.8   375.4   652.6  1804.9  2764.9 141407.3   141240
read      256.3   161.8    68.9   103.7   116.2   231.0   283.4   313.8   336.4   362.5   395.6   452.3   897.2  1744.7  2942.2  41519.7    41405
read      282.2   244.5    68.9   103.3   115.1   232.8   303.7   344.8   374.3   407.0   451.6   545.1  1237.1  2651.4  7311.5  58050.7    57997
read      301.9   454.3    63.8   113.2   127.8   220.0   268.7   295.0   314.5   338.9   374.5   491.6  3016.8  5439.6  8313.4 133896.3   133577
read      259.3   191.3    68.9   101.7   112.6   224.6   282.2   317.2   343.3   373.8   414.4   482.9  1044.4  2158.6  3947.2  53955.3    53832
read      299.2   360.3    68.9   117.3   132.4   225.8   273.7   301.6   322.6   351.1   398.0   614.4  1706.6  3766.5  8070.1 139850.7   139832
read      243.0   164.4    68.9   121.9   137.8   218.9   257.5   280.4   297.0   318.0   346.1   396.3   672.6  2362.3  3424.5 170408.3   170515
read      221.1   158.5    68.9   107.6   118.8   190.0   231.5   257.9   277.5   301.9   334.1   389.3   790.5  1935.1  5083.7 128654.0   128494
read      236.2   119.3    68.9   111.1   128.3   222.2   259.0   279.1   293.5   311.5   334.9   373.6   683.1  1453.6  2003.3  20748.7    20789
read      302.6   306.1    63.8   103.9   115.8   232.5   308.7   356.1   388.7   425.7   474.5   621.4  1713.3  3142.4  7592.4  63789.7    63647
read      305.5   383.4    63.8   104.6   116.7   231.8   305.3   350.8   383.9   422.2   471.9   610.8  1801.9  4887.2 11917.9  64727.7    64802
read      286.2   243.4    68.9   104.0   116.0   236.9   307.2   348.7   377.9   410.4   453.4   540.7  1327.5  2647.5  6131.4  55853.7    55719
read      332.9   361.7    68.9   153.6   176.2   279.5   318.8   342.2   360.7   383.6   417.0   488.1  2241.7  4358.1  7761.5 173691.7   174179
read      213.7   104.2    63.8   104.9   115.2   188.4   235.0   264.0   284.4   308.2   338.5   387.9   562.2  1032.6  1554.2 106348.7   106356
read      273.8   215.9    68.9   134.5   152.9   246.1   288.8   313.8   332.7   356.0   388.0   441.7   744.9  3337.6  7185.6 178926.3   178750
read      222.2   133.6    68.9   105.0   115.6   190.8   238.9   268.9   290.6   315.7   349.1   412.7   695.8  1456.5  2630.3 105532.7   105831
read      209.0   137.4    63.8   101.8   111.4   180.6   226.9   255.6   276.2   300.6   331.8   382.6   575.1  1302.3  3128.3 110365.3   110667
read      215.3   276.2    74.4   116.4   134.0   192.7   216.0   229.4   239.0   251.7   269.6   305.3   730.4  2464.3 11175.6   8844.7     8803
read      280.6   217.4    68.9   103.8   116.3   238.6   302.3   337.4   362.6   392.1   431.4   524.1  1266.5  2084.0  6194.7  45566.3    45662
read      262.5   267.2    68.9   107.4   122.1   235.2   284.0   309.7   327.7   348.7   376.3   425.1   899.1  2965.1  9721.4  30998.3    30867
read      264.7   268.4    68.9   104.3   116.2   229.4   279.0   308.2   330.5   358.1   395.3   458.7  1133.6  3908.6  7549.0  45682.7    45656
read      218.6   126.7    68.9   104.7   115.1   189.9   238.3   268.0   288.9   312.9   343.2   396.5   636.2  1405.9  2970.9 100945.3   100938
read      216.0   137.6    68.9   107.1   118.1   187.9   229.2   254.9   274.1   297.2   328.5   378.8   682.0  1782.5  3101.8 132587.7   132360
read      256.0   210.1    63.8   100.2   110.6   214.0   276.0   313.1   341.3   375.4   419.2   490.4  1095.9  2599.6  3739.1  67386.0    67591
read      249.3   195.6    68.9   101.7   114.3   223.6   272.0   299.2   318.0   339.9   367.9   418.7   899.9  2551.4  7521.8  33851.3    33910
read      286.1   291.5    68.9   103.7   115.1   212.7   290.2   346.0   384.3   425.2   474.4   568.3  1592.5  3322.0  7450.3  85645.7    85729
read      211.5    98.3    63.8   114.1   133.1   201.8   228.6   243.3   253.6   267.0   283.9   312.2   517.8  1111.1  2800.1  12897.0    12884
read      262.4   164.0    68.9   102.7   114.8   234.5   294.4   328.0   351.5   378.5   413.4   470.8   917.8  1757.9  2300.6  45695.0    45621
read      256.4   160.3    63.8   103.4   116.3   232.5   285.9   314.6   334.6   357.8   387.8   438.3   923.9  1763.3  2612.7  36953.0    36938
read      277.0   227.4    68.9   103.4   115.0   232.9   299.9   340.5   368.8   400.5   441.1   515.4  1212.4  2712.1  4228.1  56926.0    56902
read      273.7   328.3    63.8   105.5   116.8   201.6   255.3   287.8   313.6   349.0   418.1   595.5  1614.9  3966.1  7708.1 102474.7   102243
read      206.8    97.5    63.8   110.1   127.7   197.4   224.3   238.5   249.6   262.6   279.0   309.4   483.9  1230.7  3460.5  14113.3    14085
read      305.3   370.7    68.9   105.2   117.2   213.5   288.1   347.4   392.1   439.4   498.5   626.1  2017.0  4327.1  7882.8  93941.3    94103
read      261.7   187.8    63.8   100.7   111.4   225.6   290.5   329.5   356.6   387.0   424.3   487.2  1046.9  1914.5  3946.0  58312.3    58175
read      274.9   323.2    68.9   114.7   129.0   216.7   262.9   288.3   307.2   330.5   365.2   456.8  1581.2  4010.2  7640.1 151412.0   151312
read      264.3   278.2    63.8   101.9   112.3   204.0   268.3   309.7   343.1   385.6   438.1   523.5  1343.5  3189.8  8231.4  83420.7    83333
read      256.2   249.1    63.8   118.4   133.0   216.5   259.0   283.2   300.8   322.2   353.0   409.4  1436.9  3362.8  5107.9 164813.0   165153
read      213.4   160.4    63.8   104.3   114.5   183.3   226.3   252.8   272.3   295.7   325.7   374.2   636.9  1877.7  4369.9 123784.3   123975
read      235.0   122.4    63.8   104.0   117.6   220.3   262.1   285.5   301.6   320.1   344.6   386.3   663.0  1490.3  1869.3  28652.7    28449
read      210.8    94.0    68.9   109.8   127.9   202.9   231.4   247.0   258.0   270.7   288.4   317.1   427.3  1147.5  1698.7  14902.7    14903
read      240.7   135.9    63.8   103.2   116.4   224.3   270.2   294.5   311.3   330.7   355.9   397.1   687.4  1606.7  2476.5  31165.3    31189
read      252.7   158.2    68.9   101.8   113.8   229.0   282.7   312.1   332.6   356.3   387.4   437.7   895.0  1753.9  2821.1  40642.3    40636
read      282.0   276.7    63.8   102.4   113.4   214.2   289.5   342.4   379.8   419.2   467.8   564.3  1521.2  3127.9  7212.3  80418.3    80574
read      251.3   237.4    68.9   119.3   134.4   216.8   256.0   278.6   295.3   316.1   344.1   398.3  1332.4  3284.9  6585.9 168844.3   168820
read      233.9   166.1    59.1   116.2   130.6   209.0   246.9   269.4   286.6   308.0   337.7   390.3   664.4  2207.1  4754.6 162897.0   162621
read      209.2   123.2    68.9   102.1   111.6   182.5   230.2   258.7   278.3   300.7   329.3   372.8   540.0  1334.0  2543.9 101786.7   101621
read      259.4   184.2    59.1   100.9   111.4   223.2   286.7   324.4   352.1   382.5   421.0   484.5  1054.9  1971.4  2703.0  58842.0    58592
read      272.5   316.4    63.8   115.2   129.3   216.3   260.4   284.9   302.9   325.0   358.4   435.6  1604.2  3528.4  7418.8 152970.3   153042
read      207.5   127.8    68.9   102.1   111.7   180.2   224.8   252.3   272.1   294.9   323.5   368.9   542.8  1674.7  2870.0 112034.3   112238
read      220.9   157.2    68.9   112.7   125.3   195.6   232.7   255.8   273.2   294.7   322.6   369.1   603.3  1945.6  4786.4 160521.7   160265
read      255.8   195.5    68.9   101.3   111.7   220.4   276.5   310.2   336.0   367.9   407.5   474.9  1106.3  2151.3  4130.8  56969.0    57109
read      295.7   344.1    63.8   104.4   116.0   213.5   289.8   347.5   388.8   431.0   482.3   578.9  1899.9  4076.8  7787.5  88612.3    88551
read      192.2    92.2    68.9   111.6   127.6   181.0   202.0   214.5   223.7   234.3   250.3   279.4   552.0  1137.3  3048.2   8456.7     8385
read      247.9   191.0    68.9   103.0   115.9   227.2   276.0   302.9   321.1   342.5   370.0   417.5   775.9  1806.2 10887.4  34088.3    34088
read      293.6   386.5    68.9   106.2   117.8   203.5   255.0   285.9   310.0   343.0   415.1   826.9  1797.5  4437.5  7904.1 113335.0   113600
read      211.3   139.2    68.9   105.5   115.9   183.4   224.2   249.9   269.4   292.3   320.8   369.3   649.1  1755.1  3403.4 131216.7   131842
read      209.2   129.7    68.9   102.5   112.1   181.3   226.0   253.3   273.2   296.1   325.2   371.1   584.1  1688.1  2790.2 112061.3   112066
read      270.4   263.0    68.9   101.5   111.8   214.1   281.6   324.3   357.3   395.3   441.4   519.5  1371.6  2956.3  7574.9  72817.0    72585
read      270.1   328.3    54.7   109.6   121.4   205.0   251.9   277.7   296.7   320.9   357.9   464.7  1723.5  3485.7  7692.3 133407.3   133669
read      204.4   264.6    68.9   110.4   127.1   188.2   212.1   225.2   234.2   246.6   262.5   289.7   498.6  1828.5 11327.6  11881.3    11820
read      202.6    93.3    68.9   110.6   127.6   193.3   218.4   232.6   243.2   255.1   272.2   299.0   433.6  1232.3  1603.5  12618.3    12639
read      292.9   363.5    68.9   107.6   119.4   206.1   255.1   283.9   306.4   337.9   400.5   917.0  1705.9  4062.2  7560.9 118429.3   118548
read      224.1   150.6    68.9   116.1   129.4   201.5   238.1   260.6   276.9   297.0   323.5   369.0   568.5  1905.7  3454.7 165613.3   165754
read      262.0   249.8    63.8   103.1   113.5   203.2   267.1   309.3   343.5   386.7   440.0   523.8  1329.8  2965.6  7113.7  86941.3    86823
read      219.8   131.3    68.9   109.4   126.0   207.6   238.5   255.3   267.3   280.8   297.9   330.6   574.3  1576.4  3739.1  17018.0    16898
read      300.5   408.0    68.9   108.2   120.3   209.3   257.9   285.7   307.0   335.3   385.7   986.7  1939.1  4694.1  7820.6 122965.7   123124
read      258.0   219.7    63.8   101.2   111.6   211.9   273.9   312.3   341.3   376.4   422.5   498.8  1145.1  2762.1  3937.0  72257.3    72278
read      243.1   145.3    68.9    99.1   110.1   221.5   273.7   303.4   323.1   345.8   374.3   425.3   812.7  1519.2  2014.0  47753.0    47757
read      248.0   165.3    63.8    99.9   110.4   218.1   276.9   312.1   336.7   364.6   399.1   457.1   882.1  1838.8  3705.5  60516.0    60510
read      214.6    89.8    59.1   103.9   117.3   206.3   241.4   260.2   272.6   287.8   307.2   339.1   467.5  1044.4  1804.8  25270.3    25237
read      274.0   272.8    63.8   103.3   114.3   203.9   275.0   330.0   369.0   409.3   457.8   543.2  1503.1  2980.8  7403.5  97761.0    97783
read      218.0   176.6    59.1   103.9   113.9   182.7   226.5   253.9   274.4   298.5   330.6   390.6   802.5  2313.0  4515.6 118879.7   118966
read      203.8    95.6    74.4   108.1   123.2   195.8   221.3   234.5   245.2   257.3   273.2   301.3   430.8  1306.4  2995.4  16629.3    16631
read      193.4    87.9    68.9   109.3   125.5   185.8   207.9   219.7   228.8   239.0   253.6   278.6   386.1  1088.4  1960.1  11751.0    11743
read      241.7   214.8    68.9   105.0   115.6   190.1   238.9   272.0   297.9   334.4   393.8   511.1  1087.6  2670.8  4681.8 114680.0   115026
read      207.4   129.3    63.8   104.0   114.0   180.8   222.5   249.0   268.7   291.7   320.2   367.7   609.1  1368.8  2912.3 122320.3   122371
read      181.3   122.2    63.8   107.4   121.1   171.9   190.0   200.5   208.7   217.6   231.1   253.0   371.4  1393.5  6895.0   7202.3     7198
read      219.6    99.6    63.8   104.5   117.8   211.7   247.2   265.9   278.6   293.6   314.0   345.4   455.3  1114.8  1648.8  25024.3    25022
read      269.7   313.7    68.9   117.0   131.4   215.6   256.4   279.7   297.1   318.9   350.9   425.4  1583.4  3606.6  7109.6 157427.7   157513
read      218.1   118.3    63.8   116.6   129.9   199.3   233.4   254.3   270.2   289.4   314.7   356.6   489.3  1641.3  2825.6 171973.7   171975
read      219.5   162.8    63.8   111.3   123.1   192.1   229.1   251.7   269.1   290.0   317.5   364.9   726.1  2213.1  3498.3 155143.0   154918
read      209.2   130.0    63.8   106.3   116.9   183.3   222.2   246.7   265.4   287.9   316.3   362.9   586.3  1660.4  3221.0 139144.3   139185
read      214.7   153.1    59.1   110.3   121.6   189.1   226.0   249.0   266.7   288.0   315.4   361.1   576.8  2064.2  3661.8 152917.0   152724
read      210.7    95.9    74.4   106.8   120.9   203.1   231.8   247.8   259.4   272.6   291.1   319.9   434.2  1341.3  2100.8  20833.7    20845
read      282.1   401.9    59.1   111.7   124.7   208.7   251.2   274.8   293.0   315.6   348.5   441.1  2627.6  4365.3  7833.8 139907.0   140348
read      249.9   210.8    68.9   102.7   113.1   200.9   263.3   302.9   333.4   370.1   416.4   488.5  1104.6  2589.4  4687.1  88624.0    88725
read      245.9   317.6    63.8   108.3   119.5   192.7   232.7   256.9   274.7   297.5   329.2   389.9  1837.8  3985.5  7546.8 134515.0   134088
read      249.4   202.3    68.9   100.6   110.9   213.0   271.5   305.6   330.4   360.8   399.1   463.9   963.1  2667.1  4594.8  66088.0    66126
read      249.6   173.9    68.9    99.9   110.1   209.1   278.1   320.7   350.1   381.9   419.8   478.6   874.4  1882.1  3173.7  78068.7    78214
read      244.0   143.1    63.8    99.4   110.1   220.0   276.7   309.8   332.4   358.2   389.4   435.4   776.6  1522.1  2255.4  55079.7    55191
read      247.0   170.3    59.1   100.2   110.8   220.0   276.6   309.1   331.0   356.5   388.1   438.0   833.1  1931.5  4291.9  54121.3    54081
read      243.4   211.9    68.9   105.0   115.6   191.7   240.7   273.0   298.4   333.1   389.3   521.0  1167.5  2455.7  4100.4 112448.3   112478
read      233.3   141.5    68.9   124.6   139.7   214.2   248.6   268.9   284.2   302.6   327.7   369.9   534.3  2151.9  3351.0 179916.3   179666
read      205.7   104.0    68.9   102.8   112.2   182.2   229.7   257.4   276.0   296.9   323.0   364.8   482.9  1146.0  2324.4 100555.0   100584
read      203.8   115.4    63.8   104.4   114.4   180.0   220.4   246.3   265.7   288.3   316.3   359.2   483.8  1235.9  3363.8 127711.7   127920
read      176.2    74.2    63.8   106.4   119.9   169.7   186.7   197.0   204.1   214.2   227.0   248.7   349.8  1066.7  3491.6   6647.0     6594
read      218.2   102.9    59.1   104.1   117.8   209.0   244.0   262.2   274.4   289.8   309.6   341.7   507.9  1333.9  2004.2  24773.3    25020
read      288.8   356.3    68.9   109.6   121.6   206.4   249.9   275.7   296.6   325.0   374.2   923.8  1714.3  3620.9  7681.5 128929.0   129587
read      188.3    74.8    68.9   109.9   125.2   181.8   202.4   214.5   223.2   233.1   247.8   272.7   363.8   957.3  1573.4  10300.3    10277
read      286.4   345.1    68.9   114.4   128.6   218.1   261.8   286.4   304.9   328.8   366.8   527.6  1679.5  3705.0  7357.4 148321.3   148458
read      242.6   170.2    63.8   100.5   110.6   212.6   271.1   304.4   329.2   358.7   394.8   450.8   751.2  2004.2  3746.1  66189.7    66114
read      246.4   174.3    63.8   100.9   111.8   220.6   275.0   305.8   326.5   350.4   380.0   429.2   830.2  2181.7  3683.7  49514.0    49261
read      272.7   330.0    68.9   109.6   121.3   202.4   245.8   271.1   290.7   315.5   354.3   566.6  1596.9  3720.7  7011.2 132904.3   133049
read      206.0   107.4    63.8   102.9   112.5   180.8   226.6   254.5   274.1   296.8   325.0   369.6   505.2  1196.6  2056.3 106968.0   106628
read      222.2   134.2    68.9   106.1   120.2   211.1   244.6   262.8   274.9   290.3   310.1   343.0   517.8  1706.2  3826.9  23525.0    23498
read      240.5   231.8    68.9   103.7   113.9   190.6   242.6   275.0   300.0   332.3   380.4   471.8  1125.7  3075.8  5541.4 103318.3   103564
read      216.9   154.1    63.8   112.7   125.1   194.1   230.3   252.5   269.4   289.8   316.5   360.6   527.4  1859.2  5240.1 161905.3   161774
read      232.1   123.3    63.8   101.9   113.5   218.0   261.8   285.6   302.5   322.3   348.2   391.4   594.7  1502.6  2128.0  39088.0    39037
read      262.2   274.7    68.9   117.2   131.5   215.5   255.2   277.7   294.8   316.2   346.5   417.5  1533.8  3395.3  6801.2 163421.3   163622
read      205.2   110.9    63.8   105.0   115.3   181.4   220.9   246.1   265.3   287.8   316.2   360.8   495.1  1453.1  1997.7 132724.3   132405
read      212.1   161.2    68.9   105.3   115.8   182.9   222.9   248.4   267.8   290.5   319.2   366.4   650.1  2460.6  4039.1 131868.0   131596
read      224.8   128.7    68.9   119.5   133.6   205.8   240.9   262.0   277.2   296.3   321.9   365.4   511.7  1498.2  3994.6 174266.7   174543
read      245.5   188.9    63.8   102.9   113.2   198.2   259.6   298.8   329.7   368.0   415.6   488.8   986.2  2113.2  3666.5  90632.0    90567
read      225.7   189.0    68.9   103.9   114.0   185.6   230.9   259.8   281.3   307.9   343.7   423.7   905.8  2548.9  4589.0 116432.3   116582
read      200.5    85.4    74.4   111.0   126.4   192.7   216.7   230.0   239.5   251.4   267.9   295.5   416.3  1210.4  2070.7  13896.7    13888
read      267.4   299.8    63.8   106.7   118.1   197.1   243.9   274.0   298.7   334.2   401.6   664.9  1499.5  3736.6  7404.8 118855.0   119224
read      216.6   144.5    68.9   111.9   124.0   192.8   229.5   252.0   269.1   289.8   316.6   361.7   535.7  2103.2  3141.9 156281.0   156471
read      219.6   130.4    63.8   114.7   128.0   197.6   233.4   255.4   272.3   292.8   319.6   365.5   551.3  1805.0  2945.4 164139.7   164013
read      240.6   136.3    68.9   103.1   114.8   223.7   271.0   297.3   316.0   338.2   366.3   412.2   667.0  1595.9  3102.8  41607.3    41909
read      305.3   374.5    68.9   110.6   123.6   213.3   259.6   286.9   308.7   339.3   400.0  1207.0  1732.8  3690.0  7493.7 127877.0   128280
read      211.8   127.6    63.8   103.4   113.2   183.0   230.1   259.2   279.9   304.0   334.9   386.2   551.8  1524.1  3331.2 106739.7   107066
read      240.2   137.1    68.9   101.2   112.2   221.3   272.5   301.2   320.8   343.6   371.5   417.1   682.9  1549.9  2385.2  46170.0    46119
read      189.8    75.4    63.8   111.0   126.3   181.9   202.8   215.0   223.8   233.8   249.5   274.3   379.7  1098.9  1744.2  10103.7    10227
read      191.4   126.2    68.9   110.1   125.4   182.8   204.3   216.6   225.9   235.8   251.8   276.2   368.6  1052.5  7120.5  10781.7    10870
read      281.5   353.0    63.8   114.5   128.6   215.3   258.4   283.2   302.0   325.7   362.8   472.4  1794.2  3981.5  7724.2 146405.3   146664
read      217.3   170.6    68.9   109.7   124.9   204.8   231.6   247.4   259.0   272.7   292.1   325.9   488.4  2590.2  7623.0  19977.0    19865
read      242.3   244.1    68.9   105.1   115.8   191.3   240.7   273.1   298.1   330.8   379.4   481.2  1121.9  3358.1  5762.2 113223.3   113409
read      256.2   454.4    68.9   100.5   110.3   201.9   254.8   283.2   303.7   329.8   368.3   451.1  1479.3  3284.5 19710.6  70571.7    70623
read      249.3   212.8    68.9   100.6   111.1   217.5   266.3   294.2   315.7   341.6   375.6   436.4  1098.1  2584.7  7546.6  52706.7    52633
read      243.4   246.8    63.8   103.9   114.2   191.5   241.9   273.1   296.5   326.8   371.1   471.5  1304.5  3004.4  5091.8 104312.7   104630
read      238.9   200.0    68.9   100.9   111.8   214.8   253.5   274.8   292.4   314.2   344.5   400.6   978.6  2443.3  7039.1  42653.7    42594
read      256.9   232.0    63.8   103.7   114.8   203.7   272.4   321.5   358.3   396.7   440.8   506.7   827.0  2783.2  8077.5  95189.3    95196
read      245.2   149.6    59.1   100.8   111.6   222.2   276.1   307.0   328.8   353.7   385.7   436.0   785.6  1667.3  2736.9  52212.3    52243
read      239.9   135.9    63.8   101.8   114.1   224.2   271.6   296.3   313.6   333.0   357.4   398.5   680.8  1601.4  2949.6  37141.7    37031
read      235.6   127.8    63.8   100.9   112.6   220.7   267.8   293.1   310.7   330.6   355.7   396.3   622.1  1646.2  2534.5  39921.3    39878
read      221.9   185.7    63.8   103.2   113.1   184.3   230.9   259.6   280.2   305.2   337.6   396.1   834.0  2616.6  3734.6 110471.7   110750
read      187.5    92.2    68.9   110.2   125.1   179.3   198.7   210.2   218.1   229.0   243.2   269.1   385.2  1164.4  1966.6   8217.7     8231
read      251.8   180.9    63.8   100.4   110.8   219.1   279.0   314.8   340.4   369.2   404.0   463.3   925.9  2003.7  3947.1  63384.3    63638
read      266.0   223.3    68.9   103.4   114.5   209.2   280.9   330.0   364.5   401.7   447.8   528.9  1215.0  2514.4  3483.2  90079.7    90167
read      242.5   152.6    68.9   100.2   111.0   221.0   272.9   302.7   323.7   347.4   377.3   425.5   737.5  1812.3  3714.9  50611.7    50555
read      203.5    88.4    68.9   107.5   123.2   196.4   222.6   235.8   246.7   259.0   274.4   303.0   420.5  1091.1  1775.4  15970.7    15997
read      234.9   141.4    63.8    99.9   111.0   217.6   263.5   289.1   307.5   328.9   356.5   399.8   703.9  1697.5  2892.8  43005.0    43089
read      198.4   109.9    63.8   110.5   126.9   190.6   214.2   226.9   235.2   247.7   263.8   290.8   388.0  1106.9  6127.2  12326.0    12188
read      252.0   217.0    68.9   100.4   110.6   205.6   265.6   301.3   328.9   362.7   404.6   478.7  1231.8  2565.0  3409.9  76478.3    76615
read      257.3   355.5    63.8   110.5   122.4   199.2   238.8   263.1   281.1   303.8   336.2   403.3  1736.4  4388.1  7837.4 143425.0   143480
read      238.7   164.7    68.9   100.1   110.0   213.5   268.6   299.8   321.9   349.2   383.5   433.9   685.1  1794.8  5309.1  63667.7    63793
read      255.9   207.8    63.8   100.0   110.4   211.8   275.5   314.5   342.8   374.7   414.5   481.1  1176.6  2297.0  2971.1  72021.7    71996
read      239.6   133.6    63.8   100.9   112.6   223.2   272.6   299.6   317.8   338.6   364.5   404.1   661.5  1568.3  2822.2  41797.0    41778
read      216.4    89.0    54.7   105.3   119.9   210.6   242.8   259.9   271.5   286.0   304.1   335.2   433.9  1027.3  2417.4  21872.7    21860
read      240.3   130.0    59.1   100.3   111.7   222.6   275.3   303.8   322.6   344.4   370.7   413.4   649.2  1455.7  2043.8  45517.0    45582
read      255.6   244.6    63.8   101.1   111.1   201.5   261.8   297.7   325.4   360.6   406.4   492.4  1420.6  2801.4  5108.0  82032.0    81972
read      252.9   720.8    68.9   100.8   112.3   221.4   271.2   298.3   316.6   338.1   365.5   409.4   658.0  2437.9 42128.2  43134.0    42852
read      242.3   142.4    63.8   100.4   111.2   222.2   277.7   309.2   330.2   353.7   383.1   430.4   669.9  1329.4  2462.6  52098.3    51852
read      227.9   189.7    68.9   103.2   113.4   186.1   234.6   266.3   289.5   317.7   359.2   440.5   833.3  2733.4  3632.8 109174.3   109368
read      243.2   165.5    68.9    99.9   110.6   218.6   271.7   302.0   323.8   349.3   381.7   431.3   821.3  1927.2  3372.5  55812.0    55794
read      232.7   145.6    63.8   101.1   113.0   218.9   263.6   286.7   302.6   320.6   343.6   382.1   566.0  1765.7  3064.5  35667.3    35534
read      259.3   229.2    63.8   102.0   112.6   204.2   270.8   316.2   349.2   386.2   429.6   501.2  1265.0  2661.7  3747.1  90500.7    90576
read      263.8   246.1    63.8   102.3   113.0   203.3   273.2   322.3   357.5   394.6   438.3   513.9  1333.5  2726.0  7447.9  95274.3    95085
read      224.8   156.5    63.8   102.2   111.9   187.6   240.4   272.6   296.6   326.1   367.6   437.1   687.3  1932.2  3811.7 100214.3   100029
read      245.7   167.2    68.9    99.5   109.7   211.3   273.6   311.6   338.2   368.2   404.0   461.9   896.2  1863.8  2924.8  72737.3    72551
read      256.9   279.2    63.8   100.0   110.4   204.6   270.8   314.1   344.9   380.3   423.0   494.0  1157.3  2519.5 14478.6  84525.0    84629
read      245.4   158.3    68.9    99.2   109.5   211.3   277.1   316.6   344.3   374.8   410.7   466.3   767.6  1573.3  2927.6  73918.7    74136
read      234.4   215.4    63.8   105.1   115.8   186.0   228.2   255.2   276.5   304.2   343.8   458.3  1281.4  2459.7  3947.6 130777.0   130756
read      234.4   149.3    63.8    99.1   108.9   205.9   262.2   293.4   316.9   345.7   383.3   439.7   716.9  1797.7  2787.1  69728.0    69916
read      241.3   168.1    68.9    98.8   108.7   209.4   270.4   306.9   332.7   362.5   397.2   451.3   781.8  1793.8  3784.4  72057.3    72019
read      246.7   172.8    63.8    99.9   110.3   209.2   275.0   315.2   344.1   375.6   413.3   470.7   798.2  1808.9  3806.2  78137.7    78070
read      226.7   161.3    63.8   101.8   111.6   188.0   242.1   274.9   299.4   329.5   371.0   441.6   730.7  1949.9  4115.1  99546.7    99548
read      231.0   129.3    63.8   101.3   113.4   218.7   262.5   285.9   302.1   320.0   344.0   382.5   557.5  1278.9  3025.0  36217.3    36393
read      262.8   288.8    63.8   120.2   135.5   219.8   258.5   280.5   296.6   317.3   345.9   404.5  1523.4  3481.1  7675.0 172650.7   172591
read      182.9    83.1    63.8   108.1   122.5   174.8   193.9   204.5   213.1   223.0   235.8   262.0   373.4  1137.2  2883.9   8303.0     8325
read      260.0   321.3    68.9    99.8   109.9   209.1   272.2   311.0   340.4   374.1   416.7   493.0  1154.3  2851.4 15340.4  73533.3    73684
read      241.7   148.6    68.9    99.6   110.4   219.2   271.8   301.9   322.2   345.3   374.6   425.6   768.0  1760.4  2675.9  48550.3    48420
read      180.7    86.4    63.8   106.7   120.1   173.1   192.4   203.1   212.1   222.1   234.5   260.0   350.6  1090.2  1741.4   6791.0     6828
read      235.0   225.5    68.9   103.9   114.3   186.1   231.7   261.4   284.0   312.0   353.3   458.7  1168.6  2936.6  4280.2 118082.0   118747
read      180.1   129.8    63.8   105.5   119.5   171.0   189.0   199.3   207.2   216.6   229.7   251.8   345.3  1455.6  7712.1   7082.7     7123
read      260.8   271.4    68.9   121.3   137.2   221.8   260.6   283.0   299.3   319.4   348.2   404.3  1429.7  3446.9  7411.5 174893.7   175577
read      206.7   130.7    68.9   106.9   117.8   183.0   220.3   243.8   262.2   283.9   311.9   355.4   497.7  1819.0  2889.5 147683.7   147498
read      228.5   113.5    68.9   101.6   113.7   217.1   257.9   280.8   297.0   315.3   339.0   376.1   543.9  1372.1  2015.3  35709.0    35814
read      246.1   154.4    63.8   100.0   110.7   219.6   277.5   311.8   335.8   363.2   395.8   446.6   808.7  1660.6  2970.1  59454.3    59488
read      245.7   237.4    63.8   116.7   130.7   209.2   248.3   271.0   288.0   308.6   336.9   389.9  1360.4  3341.0  6340.6 167529.7   167483
read      243.9   304.0    59.1   101.1   111.1   196.8   258.1   295.1   322.9   357.6   402.0   472.3   908.0  2424.6 19369.2  88928.7    88988
read      187.2   109.4    63.8   107.3   122.4   178.9   199.3   211.3   219.5   230.2   244.6   270.3   356.8  1394.4  3931.9   9755.3     9869
read      237.6   201.4    63.8   103.3   113.6   188.2   239.8   274.4   301.5   336.8   390.7   493.6   960.9  2717.2  4916.4 111591.3   111786
read      238.8   178.9    63.8   101.1   111.1   194.4   255.3   292.5   320.9   356.1   400.2   469.1   905.3  1999.1  3019.4  92586.0    92736
read      233.3   186.8    63.8   120.6   135.1   209.1   244.6   265.9   281.6   300.7   326.7   370.7   602.2  2805.1  4689.4 178494.3   178657
read      206.7   155.5    68.9   101.8   111.2   178.6   224.6   252.8   272.3   294.7   321.8   365.9   511.7  1841.3  4725.8 108878.7   108877
read      214.3   133.7    68.9   107.2   122.5   204.1   233.3   249.5   261.2   274.1   292.9   322.0   476.0  1480.7  4007.1  19036.0    19091
read      247.4   164.0    63.8    99.7   110.0   216.3   276.5   312.8   338.9   367.9   402.6   459.7   842.4  1829.7  2872.3  65633.7    65772
read      249.8   193.9    68.9    99.3   109.6   206.5   272.3   312.3   341.2   373.8   413.6   475.7  1029.2  2249.9  4154.4  78979.0    79060
read      230.5   181.4    68.9   102.2   111.9   188.7   243.2   275.8   300.6   331.6   374.8   451.8   803.5  2359.4  3770.0 100009.7    99953
read      221.6   175.6    68.9   107.1   121.9   210.6   241.4   258.1   270.4   285.5   305.6   340.2   496.7  1638.3  7480.2  24337.3    24354
read      210.2   128.2    68.9   107.8   118.6   185.6   224.2   248.3   266.7   288.8   316.8   362.4   550.7  1545.5  3194.6 143781.3   144236
read      225.8   190.3    63.8   115.5   128.8   200.5   236.7   258.8   274.8   294.8   320.7   366.8   549.6  3174.0  5443.0 168196.0   168093
read      223.6   119.6    68.9   106.0   120.9   213.4   247.7   266.9   280.6   296.6   318.8   355.1   466.7  1359.2  2711.2  22086.7    22028
read      274.8   272.1    63.8   101.7   112.4   214.1   285.7   332.1   365.3   402.7   451.4   542.2  1376.4  3064.6  7774.5  77761.3    77499
read      306.1   409.6    68.9   111.1   124.1   212.7   257.8   285.3   307.4   338.0   396.7  1040.1  2083.6  4647.7  7936.4 128233.7   128271
read      219.9   186.0    63.8   105.2   115.6   185.1   227.5   253.7   273.3   296.6   327.4   379.7   906.0  2545.5  4800.2 127062.7   126673
read      248.7   201.4    68.9   100.9   112.2   221.3   267.2   293.9   314.3   338.7   370.1   429.2  1016.9  2856.7  4388.8  43594.7    43605
read      251.4   246.3    68.9   103.6   114.1   194.5   251.1   288.5   318.2   358.9   417.5   512.8  1209.5  3295.2  6978.2 103319.3   103217
read      265.0   279.3    63.8   102.9   113.7   201.9   268.5   315.6   352.1   393.8   441.7   519.0  1296.3  3535.1  7554.3  93972.7    93706
read      229.6   107.6    68.9   104.6   119.8   219.6   258.4   279.1   293.8   311.3   334.1   370.8   504.2  1200.9  1959.1  23432.0    23247
read      261.0   208.1    63.8   100.3   110.7   212.6   284.5   329.9   361.6   395.6   435.8   504.0  1123.1  2358.8  3231.4  77320.0    77378
read      198.5   101.3    68.9   111.0   128.8   189.4   213.0   226.2   235.3   247.8   264.0   291.8   392.2  1167.8  3192.9  10547.3    10495
read      282.6   356.1    68.9   109.4   121.3   206.1   250.3   275.4   295.7   321.5   365.9   738.4  1665.0  3820.9  7564.0 134470.3   134841
read      205.9   124.2    63.8   102.5   112.2   178.1   220.6   247.6   267.8   291.6   321.0   369.8   589.4  1517.1  2969.3 120727.7   120602
read      245.8   187.2    63.8   101.1   113.1   222.2   269.3   294.9   313.6   335.7   365.4   417.9   880.3  2326.6  7106.2  36937.3    36975
read      314.2   447.6    68.9   118.9   135.0   229.8   270.6   294.4   313.4   338.3   377.9   619.6  2787.8  5339.6  7972.2 151663.0   151323
read      208.9   136.5    63.8   101.4   110.8   179.7   227.3   256.3   277.0   300.8   330.9   378.5   571.5  1543.5  2931.2 105359.3   105217
read      203.0   106.3    68.9   101.3   110.6   177.5   222.7   250.9   271.1   293.9   321.8   367.3   501.7  1137.5  2279.6 110650.3   110653
read      207.3   140.9    63.8   103.7   113.8   180.4   221.4   247.6   267.2   289.9   317.9   364.6   571.5  1595.7  5847.0 127328.7   127593
read      200.8    85.8    63.8   101.3   110.9   180.3   228.1   255.8   273.5   292.8   316.0   350.5   434.3   620.5  1208.2 101253.0   101096
read      204.2    85.7    63.8   111.1   122.4   187.0   222.3   244.5   261.6   282.2   308.7   347.5   433.0   677.4  1827.6 158353.7   158958
read      198.9   100.4    68.9   105.5   115.7   179.2   217.1   241.8   261.2   283.2   310.2   347.5   427.8   649.0  1413.8 136683.7   136541
read      213.0    84.3    68.9   115.6   128.6   196.7   231.8   253.6   270.4   290.6   317.0   359.8   462.2   778.3  1450.7 164789.0   164999
read      212.5    99.7    68.9   115.3   128.3   196.0   230.8   252.4   269.0   289.2   315.6   357.6   456.5   809.3  2867.3 165262.0   164911
read      206.5   139.3    63.8   102.0   111.8   187.0   238.8   264.7   280.7   297.5   318.7   350.5   425.9   623.8  7183.8  87543.0    87904
read      213.9    86.9    68.9   117.2   130.3   198.5   232.5   253.4   269.6   289.3   315.1   356.1   457.5   796.1  2594.0 169216.0   169356
read      206.9    81.7    63.8   101.9   112.1   198.7   245.1   265.1   277.7   292.1   310.3   338.0   402.1   536.6  1733.2  68011.3    67870
read      211.3    97.5    68.9   115.0   128.1   194.9   229.4   250.6   267.1   287.2   313.5   354.4   451.9   811.4  3599.6 166955.7   167602
read      217.0    97.3    68.9   117.3   130.4   199.7   234.2   255.8   272.3   292.3   318.1   361.8   476.2  1381.5  1729.5 170480.7   170450
read      203.8    78.3    63.8   101.1   111.4   193.4   240.3   261.6   274.7   290.2   308.9   336.7   398.9   505.2   677.4  72933.3    72942
read      197.1    58.6    68.9   117.6   134.4   196.6   215.0   225.1   232.0   240.8   252.7   273.4   325.4   459.8  2136.6  13874.7    13873
read      209.8    77.2    63.8   105.3   116.9   211.0   243.0   258.5   269.0   281.3   296.4   321.6   380.6   503.7  2118.1  45024.3    45295
read      203.0    78.8    68.9   110.6   121.8   185.8   221.0   243.2   260.7   281.6   308.5   347.1   432.9   676.0  1004.4 157531.0   157697
read      199.2   111.2    63.8   102.5   112.4   177.6   220.8   248.2   267.3   288.1   312.5   346.6   427.8   666.8  2991.0 117473.7   117232
read      200.3    92.3    54.7   101.5   111.0   179.6   227.3   255.2   273.1   292.3   315.2   349.0   428.0   584.3  2409.9 101692.0   101152
read      208.8    78.6    63.8   104.5   115.7   208.8   243.8   259.8   270.3   283.1   298.2   324.4   386.3   559.8  1928.1  50542.3    50333
read      198.1    84.3    63.8   104.9   115.0   178.3   216.4   241.5   260.9   283.2   310.0   347.0   431.7   649.9  1789.8 136062.3   136447
read      202.1    85.6    68.9   110.4   121.4   185.0   219.6   241.6   259.0   279.7   306.2   344.8   430.5   667.8  1485.7 158476.7   158298
read      203.7    77.5    59.1   101.4   111.4   195.6   241.1   261.0   273.5   288.2   305.9   333.3   395.0   486.1   696.7  69423.0    69328
read      206.6    92.1    68.9   112.9   125.1   190.1   224.4   245.7   262.2   282.3   308.7   347.8   437.8   736.4  2655.5 165011.7   164566
read      203.7    88.0    63.8   101.0   111.0   193.9   240.0   260.4   273.0   288.0   306.2   334.6   401.2   527.4  2662.7  70554.0    70740
read      197.4    83.9    63.8   101.3   110.8   178.2   223.2   250.2   268.3   287.7   310.3   342.6   416.8   542.5  1075.7 106764.0   106915
read      197.8    80.3    63.8   103.7   113.7   178.0   218.4   244.6   264.1   285.8   311.6   346.6   426.1   569.5   873.4 126784.3   126425
read      203.4    91.7    63.8   100.4   110.4   189.4   238.2   260.8   274.6   290.5   309.9   339.1   405.9   769.7  2646.8  79050.7    79083
read      198.6    95.4    63.8   106.2   116.5   179.3   216.2   240.1   258.7   280.4   307.3   344.7   430.1   664.1  2370.6 143530.0   143445
read      210.1    85.4    68.9   113.9   126.5   193.4   228.3   250.1   267.0   287.5   314.3   356.2   460.3   761.5  1640.2 165799.7   165502
read      208.4    74.7    63.8   105.5   117.4   210.3   239.8   254.0   264.5   275.2   291.4   315.7   378.1   554.1  1914.9  40909.3    40820
read      203.9    70.0    68.9   110.4   124.4   205.6   228.3   240.3   249.4   260.1   273.2   295.7   349.1   456.1  1375.1  25143.7    25097
read      206.3    84.2    68.9   110.6   124.3   207.4   230.3   242.6   251.4   262.4   274.9   297.1   356.4   542.5  2770.9  26694.0    26808
read      204.3    98.9    63.8   101.5   111.5   193.2   240.6   261.6   274.6   289.9   308.6   337.0   398.9   527.1  1646.4  72862.7    72990
read      199.5    92.1    63.8   102.4   112.3   179.0   223.0   250.4   269.5   290.1   314.2   348.6   431.5   591.3  1699.8 114096.7   113963
read      199.9    87.1    63.8   100.8   110.5   181.5   229.1   255.6   272.5   290.7   312.3   343.6   417.3   541.1  1214.4  97276.0    97475
read      198.2    66.5    63.8   113.5   129.0   197.5   217.9   228.9   235.9   246.7   259.3   280.3   335.3   635.4  1804.3  18614.0    18649
read      198.8    82.0    68.9   107.2   117.8   180.6   216.5   239.3   257.4   278.7   305.5   343.7   431.7   674.1  1716.1 149778.3   150293
read      197.1   107.9    63.8   102.2   111.9   176.2   218.2   245.4   264.8   285.7   310.1   344.5   420.8   581.4  2719.9 119987.0   119407
read      202.1    85.7    63.8   100.7   110.4   187.3   236.5   259.6   273.6   289.9   309.8   339.3   404.6   623.7  1456.5  80108.3    79895
read      195.5   100.2    63.8   103.7   113.8   175.8   213.6   238.1   257.3   279.3   305.8   342.4   420.8   564.5  2609.0 137721.0   137569
read      197.0    92.0    63.8   101.0   110.6   176.5   221.2   248.7   267.4   287.4   311.0   344.4   419.1   536.1  2635.3 109946.3   109784
read      209.0    87.6    63.8   103.4   114.4   207.1   243.6   260.7   271.8   285.7   302.5   329.8   392.2   557.2  2627.2  52022.0    52195

