Timestamp start: 1747213587566
Timestamp end: 1747214427837

#type       avg     std     min      p5     p10     p50     p67     p75     p80     p85     p90     p95     p99    p999   p9999      QPS   target
read      203.0   122.1    74.4   119.6   137.5   188.1   208.2   218.9   228.0   237.8   253.2   285.4   753.3  1461.4  3131.2   8073.0     8195
read      343.6   494.3    68.9   132.7   152.4   256.0   302.3   330.6   353.1   383.2   428.1   528.0  3311.2  5430.4  7974.0 158147.7   158594
read      237.3   204.1    68.9   111.9   124.7   201.6   243.7   269.6   289.4   313.7   346.3   405.6  1009.1  2846.6  4958.0 149862.3   149766
read      204.3   129.8    63.8   114.0   132.4   190.1   212.4   225.0   234.0   246.8   263.9   294.7   661.2  1695.8  4036.3  10390.0    10382
read      325.9   372.4    68.9   135.9   155.3   256.8   306.8   338.4   363.9   396.6   444.7   550.4  2170.3  4348.4  7825.6 170420.3   170548
read      217.9   135.5    68.9   109.0   120.3   191.1   230.7   255.4   274.2   297.6   329.2   381.8   677.0  1685.5  3092.8 150742.3   150565
read      212.7   122.2    63.8   105.6   116.4   185.0   225.8   251.7   271.7   296.0   328.8   382.8   670.5  1455.7  2047.0 137526.0   137144
read      224.8   171.4    68.9   108.5   119.8   192.1   233.0   259.2   279.0   303.5   336.6   394.8   854.4  2210.9  3531.5 143675.3   143496
read      220.8   129.9    68.9   109.5   120.8   193.1   233.4   259.2   278.4   302.6   335.4   392.7   740.1  1498.2  2165.6 144846.0   144743
read      208.1   110.7    68.9   102.9   112.9   182.4   227.4   255.7   276.4   301.1   332.9   383.1   541.1   894.7  1920.8 116408.7   116745
read      213.7   124.7    63.8   105.8   116.4   186.0   228.8   255.7   276.2   301.1   334.1   389.1   648.5  1231.5  4089.5 129082.0   129314
read      217.1   127.1    68.9   108.3   119.6   189.7   229.6   254.6   273.9   297.8   330.8   386.3   713.4  1517.7  2284.8 144673.0   144723
read      207.9   110.7    63.8   102.6   112.4   181.2   226.1   253.5   274.1   298.4   330.3   380.8   552.3  1226.2  1993.8 117073.7   117379
read      209.7   112.9    68.9   103.3   113.3   182.2   226.8   255.2   276.3   301.8   334.7   388.9   579.0  1025.5  2391.0 120127.3   119931
read      214.1   130.6    68.9   105.2   115.7   185.4   227.8   254.4   274.9   300.2   333.8   390.2   675.7  1355.8  3899.5 131818.0   132052
read      219.4   128.7    63.8   108.3   119.6   191.8   232.6   258.4   277.7   302.2   335.3   392.7   723.2  1466.2  2178.3 143264.3   143350
read      221.8   156.8    68.9   108.8   119.9   192.0   232.8   258.7   278.0   302.0   333.9   388.6   718.0  2252.3  3679.6 143557.0   143518
read      262.2   204.4    68.9   121.2   137.4   229.4   277.7   307.3   329.3   356.4   392.8   453.1   791.7  3064.7  5353.2 172612.3   172981
read      289.4   368.4    63.8   103.6   115.0   206.0   267.0   308.1   343.5   396.4   470.0   605.8  2060.4  4260.8  7876.7  94169.0    94027
read      281.6   264.9    68.9   123.3   140.3   236.5   286.3   316.4   340.1   370.1   412.1   486.9  1441.7  3565.8  7084.7 169806.3   170019
read      268.3   182.2    63.8   123.8   140.5   237.3   290.9   322.6   346.6   375.4   413.7   471.4   658.5  2528.0  4444.7 179103.0   179090
read      257.1   182.7    68.9   100.8   111.7   226.7   281.1   314.2   339.3   369.4   408.7   483.9   926.6  1854.5  4215.8  47048.3    47130
read      238.7   127.9    68.9   107.1   124.2   223.0   260.7   280.7   295.4   313.8   338.9   386.8   722.0  1544.5  1919.6  19614.3    19439
read      318.2   538.2    68.9   111.1   124.6   217.5   269.7   298.7   319.7   346.0   387.3   508.0  3313.9  6384.2  9351.7 128899.3   128963
read      242.3   191.0    68.9   106.3   122.5   225.2   264.8   286.3   301.6   320.1   344.9   389.0   744.4  1495.9  9778.0  23758.0    23787
read      297.0   283.8    63.8   103.2   115.1   239.0   311.6   356.4   388.1   424.4   470.5   582.5  1485.8  3047.1  7766.3  61713.7    61848
read      312.2   415.8    63.8   111.1   124.6   218.8   273.2   307.3   335.5   376.0   459.4   727.0  2475.9  4421.8  7871.8 101975.3   101968
read      227.7   154.8    68.9   108.6   120.1   196.9   242.6   271.3   292.3   317.5   350.7   406.2   705.1  2023.1  3502.8 108560.3   108767
read      344.5   457.2    63.8   113.9   129.1   232.2   296.2   344.6   393.3   460.1   559.1   857.5  2556.8  5278.7  7996.1  96782.0    97139
read      279.0   293.6    68.9   125.3   141.8   235.8   284.0   312.3   333.9   360.9   398.0   465.6  1140.6  4191.5  7637.2 158203.7   158594
read      233.6   167.8    68.9   113.2   126.6   204.7   247.7   273.7   293.7   317.9   350.0   404.3   647.6  2185.0  5246.6 140937.7   141240
read      260.0   169.3    63.8   102.0   113.8   234.1   286.7   317.0   339.0   365.1   399.6   463.1   964.5  1812.4  2483.5  41541.7    41405
read      276.4   204.0    68.9   101.3   112.5   234.8   303.6   344.5   373.0   404.7   446.4   533.5  1173.7  1981.1  2730.5  57950.0    57997
read      294.7   445.1    68.9   111.6   125.1   214.6   265.1   293.5   314.6   340.4   376.4   461.7  3102.9  5016.9  7985.4 134080.7   133577
read      277.2   243.9    63.8   103.0   114.6   231.5   292.3   329.2   357.5   390.3   431.9   518.9  1330.7  2871.6  6968.8  53631.7    53832
read      308.2   378.0    63.8   115.5   130.8   226.6   278.5   310.0   334.2   366.1   417.9   645.6  1897.1  3821.6  7787.4 139473.0   139832
read      260.4   167.7    68.9   122.9   139.0   230.9   280.0   310.0   332.8   361.2   398.7   461.2   650.0  2194.5  4317.3 170481.3   170515
read      225.8   173.8    63.8   108.1   119.3   193.6   236.5   264.3   284.6   309.5   342.4   398.1   783.6  2349.0  3641.7 128566.3   128494
read      234.8   119.3    68.9   109.9   128.1   221.5   257.4   277.1   291.7   309.0   331.3   368.7   668.3  1544.6  2826.6  20827.7    20789
read      304.3   358.1    68.9   101.9   113.1   230.9   300.5   344.9   378.4   417.9   469.8   620.0  1875.4  4188.5  8058.8  63548.7    63647
read      289.6   287.7    68.9   101.8   112.8   230.1   302.4   346.3   378.7   415.2   461.5   557.8  1541.8  3382.0  7651.6  64693.7    64802
read      283.4   236.2    63.8   101.8   113.3   235.9   304.0   344.9   373.3   405.5   450.8   547.3  1330.7  2281.1  4723.6  55554.0    55719
read      320.9   321.0    68.9   139.5   159.9   264.0   314.5   346.7   373.4   406.9   455.2   542.1  1739.8  3742.3  7622.2 173857.0   174179
read      217.4   132.5    68.9   103.7   114.1   187.9   234.6   264.3   285.7   311.1   343.0   397.4   642.2  1429.6  2644.6 106185.0   106356
read      299.6   250.6    68.9   133.0   151.8   256.5   315.0   353.5   383.2   418.1   462.2   530.9   907.4  3550.6  7304.1 178521.3   178750
read      226.8   159.9    63.8   106.2   117.2   193.8   240.4   269.2   290.3   315.5   348.8   407.2   789.0  2056.2  3515.1 105935.7   105831
read      218.0   142.7    68.9   104.6   115.1   188.7   234.1   262.6   282.7   306.9   337.8   389.2   603.4  1830.7  3081.0 110332.3   110667
read      203.6   112.2    74.4   119.3   137.5   191.4   213.5   225.9   234.6   246.8   262.9   291.3   507.8  1398.7  3324.3   8812.0     8803
read      273.4   257.7    68.9   101.9   113.6   237.2   296.4   330.8   355.5   383.7   420.9   495.3  1082.3  2256.6  9604.1  45567.3    45662
read      254.0   210.1    63.8   104.7   119.3   233.0   279.4   303.9   320.5   340.9   366.9   407.5   724.6  2976.6  7612.6  30799.7    30867
read      253.5   222.1    68.9   102.6   114.3   226.2   273.5   301.9   323.7   350.9   386.7   446.6   831.2  2885.5  7193.8  45601.0    45656
read      280.6   328.0    68.9   107.8   119.6   209.1   264.9   298.7   326.2   364.6   432.1   609.0  1618.6  4336.6  7641.6 100774.0   100938
read      234.2   211.3    68.9   109.8   121.7   198.6   242.6   270.1   290.5   315.1   347.1   403.4   849.1  3189.1  5650.7 132433.0   132360
read      276.7   263.6    68.9   103.4   114.9   225.5   290.0   329.6   361.6   398.6   445.3   525.1  1399.9  3241.3  7453.4  67424.3    67591
read      266.2   176.3    63.8   106.0   120.5   239.1   289.6   317.5   338.3   363.0   395.6   455.6  1072.2  1976.9  3097.9  33891.0    33910
read      330.7   426.0    63.8   107.7   121.0   230.9   311.2   370.2   413.3   461.3   524.7   685.5  2323.4  4985.9  7976.7  85951.7    85729
read      215.6   115.2    63.8   113.4   134.1   203.9   230.7   245.6   256.0   269.6   288.2   319.7   548.3  1281.4  4423.2  12843.0    12884
read      267.8   193.8    68.9   101.9   113.9   236.4   294.7   328.8   352.8   380.3   415.9   476.3  1070.2  2136.5  3438.0  45502.0    45621
read      259.4   172.7    68.9   103.0   116.0   236.5   289.2   318.7   339.3   363.3   393.8   443.8   854.2  1864.1  4458.9  37084.0    36938
read      275.4   214.6    68.9   102.0   113.5   234.2   300.8   340.8   369.8   402.1   443.4   518.4  1169.4  2338.7  3918.7  56712.3    56902
read      298.0   358.1    68.9   109.9   122.4   214.3   268.8   302.7   331.3   372.3   461.2   741.9  1714.8  4272.7  7655.6 102250.3   102243
read      221.1   107.8    68.9   114.4   135.8   210.2   237.8   253.5   265.5   278.8   296.8   330.7   590.9  1323.0  2000.7  14130.7    14085
read      351.6   449.9    68.9   111.5   126.6   236.5   319.0   387.1   438.1   496.1   579.3   841.6  2342.0  5203.3  7980.7  93599.3    94103
read      285.5   259.4    63.8   102.8   115.0   237.2   305.4   346.3   375.6   408.1   451.5   535.1  1367.6  3008.7  6592.1  58311.0    58175
read      267.1   269.7    63.8   117.1   132.1   219.4   265.0   292.2   313.2   339.5   377.4   455.9  1519.0  3405.9  7044.2 151308.0   151312
read      283.7   318.9    68.9   104.7   116.3   215.5   281.8   324.9   361.5   406.6   464.3   557.6  1676.0  3972.6  7874.9  83038.7    83333
read      281.9   240.0    68.9   127.5   144.7   241.9   290.3   318.9   341.6   369.5   407.6   477.8  1414.9  3267.3  5413.3 165040.7   165153
read      222.5   161.9    68.9   107.2   118.4   191.8   235.5   263.4   283.7   308.3   340.3   392.9   677.2  2055.7  4366.4 123800.0   123975
read      248.2   131.8    68.9   106.4   121.8   231.8   275.7   299.9   317.0   337.7   364.4   406.7   766.2  1442.1  2236.8  28597.7    28449
read      222.6   105.8    74.4   113.3   133.8   211.9   241.0   257.6   269.3   283.4   301.7   335.0   566.0  1298.0  2079.7  14914.0    14903
read      256.1   155.9    68.9   104.9   119.6   237.3   285.2   311.1   329.3   350.2   377.6   426.3   791.6  1844.8  4964.2  31004.7    31189
read      263.0   156.4    63.8   102.7   115.2   239.2   295.7   327.0   349.4   375.1   407.4   465.6   870.0  1606.0  2341.3  40509.0    40636
read      309.1   346.6    68.9   105.8   118.1   228.1   307.0   362.8   402.3   446.0   500.6   611.1  1983.5  3777.6  7993.2  80766.0    80574
read      305.2   279.8    68.9   133.5   152.5   259.4   311.8   343.2   367.9   397.7   438.1   511.2  1543.1  3466.0  7645.2 168639.0   168820
read      255.3   181.2    68.9   122.1   138.0   225.8   270.7   297.7   318.5   344.2   380.1   440.6   716.8  2449.0  5056.0 162431.3   162621
read      221.1   146.6    68.9   105.3   115.9   191.9   239.6   268.7   289.5   313.8   344.5   394.9   588.6  1890.5  3899.3 101904.0   101621
read      282.6   230.5    63.8   103.9   115.8   238.1   306.6   347.9   377.4   410.4   452.2   528.8  1268.7  2711.1  4053.2  58493.0    58592
read      318.3   354.9    63.8   127.1   145.2   249.6   300.3   332.0   357.3   391.0   442.7   575.5  1764.0  4228.3  7880.5 152941.3   153042
read      216.2   133.1    63.8   104.9   115.4   188.2   233.5   261.9   282.8   307.2   338.3   388.0   558.0  1752.4  3201.1 112165.3   112238
read      245.2   205.9    68.9   116.2   130.3   212.9   257.2   284.7   305.4   331.1   366.1   426.3   684.9  3041.9  6564.0 160032.7   160265
read      255.2   168.1    68.9   101.6   112.3   226.6   284.3   318.5   345.1   376.3   416.0   476.7   879.5  1741.6  3305.7  57185.0    57109
read      303.0   361.1    63.8   105.8   118.0   219.5   291.1   342.2   384.1   432.2   492.8   609.5  2006.4  4164.7  7878.3  88326.7    88551
read      200.7   120.1    68.9   118.3   135.2   189.0   211.3   224.0   233.2   245.0   260.4   289.0   434.6  1226.8  7064.3   8453.7     8385
read      254.3   148.3    63.8   103.9   117.7   234.5   284.4   312.1   331.5   354.2   383.4   430.9   770.0  1721.1  2747.8  34089.0    34088
read      303.7   394.4    68.9   110.1   123.1   214.0   265.4   295.5   318.9   351.2   406.6   912.3  1937.0  4247.3  7823.6 113421.0   113600
read      223.1   146.5    63.8   109.1   120.6   194.1   235.8   262.9   282.8   307.1   338.8   391.6   688.6  1871.2  3215.9 132041.0   131842
read      217.0   134.2    68.9   105.0   115.6   188.3   233.2   261.7   282.1   306.4   337.5   388.6   620.3  1766.6  2830.6 112348.0   112066
read      268.7   268.3    68.9   103.8   114.7   213.7   272.4   307.3   334.9   371.5   425.5   524.1  1541.2  3013.2  7195.0  72412.0    72585
read      254.3   293.8    68.9   111.5   124.1   205.3   251.5   278.7   298.9   323.6   358.9   425.2  1441.9  3955.7  7493.1 133861.0   133669
read      212.3   122.7    74.4   114.8   135.5   200.4   225.5   239.5   250.4   263.3   279.3   309.9   588.9  1417.1  6325.6  11888.0    11820
read      218.9   103.4    63.8   116.4   137.9   209.3   234.7   249.7   260.8   273.7   292.3   321.1   554.4  1190.9  3805.1  12557.7    12639
read      320.3   418.4    68.9   112.3   126.2   224.4   279.0   311.5   337.3   372.4   441.6   941.9  2238.3  4676.3  7943.6 118414.0   118548
read      249.9   155.9    63.8   121.2   136.8   222.4   267.1   294.3   315.2   340.7   374.6   433.0   654.2  2057.7  3131.2 165659.7   165754
read      269.8   285.0    63.8   105.0   116.5   210.1   270.7   309.3   339.8   379.8   434.1   525.6  1448.7  3744.1  7632.9  86760.7    86823
read      225.6    95.6    74.4   111.0   130.7   217.8   248.1   265.2   277.0   291.9   311.1   341.6   482.2  1362.3  1805.0  16855.3    16898
read      271.4   323.4    68.9   110.4   122.8   204.4   250.2   279.3   302.5   332.9   382.8   565.8  1689.6  4012.3  7780.3 123168.0   123124
read      258.5   185.0    68.9   103.5   114.9   221.2   284.3   320.4   348.2   382.0   424.4   492.8   961.9  2071.8  4098.6  72506.0    72278
read      254.6   153.2    54.7   102.3   114.2   232.4   288.0   318.6   340.1   364.6   395.2   444.8   818.1  1758.6  2510.0  47646.0    47757
read      256.6   169.7    68.9   100.0   111.0   227.8   289.3   324.6   349.7   378.4   413.5   468.6   923.5  1854.2  2526.4  60628.0    60510
read      226.7   100.9    68.9   105.1   119.5   219.4   255.8   274.3   288.2   304.2   325.2   361.7   494.4  1068.8  1644.7  25234.0    25237
read      290.8   293.8    63.8   106.6   119.3   218.6   294.4   352.9   393.8   437.5   492.8   586.3  1524.2  3248.1  7791.2  97720.7    97783
read      228.9   223.8    63.8   105.9   116.8   190.1   234.0   262.0   282.4   306.9   338.9   395.3   948.9  3125.3  6991.8 119178.7   118966
read      211.5    94.7    68.9   110.2   127.4   203.9   230.3   245.1   255.4   269.0   286.8   316.3   426.7  1344.1  2118.5  16657.7    16631
read      200.3    83.5    68.9   113.6   130.8   192.0   215.6   228.7   237.7   250.3   266.7   293.3   403.3  1045.0  1231.7  11816.0    11743
read      260.8   282.1    59.1   105.7   117.0   196.8   245.4   275.4   299.3   332.0   387.9   581.1  1492.0  3146.6  7031.2 114919.3   115026
read      209.9   124.6    63.8   103.5   113.5   182.3   226.2   254.0   274.3   298.7   330.1   379.3   553.0  1578.6  3045.3 122349.3   122371
read      188.8   117.9    68.9   115.0   128.8   177.4   196.6   207.8   216.0   226.2   238.6   263.6   384.4  1611.7  4907.8   7215.3     7198
read      236.3   292.3    68.9   104.1   118.4   218.3   254.0   273.2   287.4   304.1   326.7   365.6   624.2  3225.8 11802.9  25089.3    25022
read      271.5   309.2    68.9   116.3   131.0   217.6   259.2   283.4   301.5   324.6   360.4   440.4  1603.6  3488.3  7120.0 157287.0   157513
read      230.7   137.3    68.9   119.5   133.7   209.8   247.4   270.2   287.4   308.4   336.7   383.8   528.9  1895.2  3393.4 171881.0   171975
read      214.9   123.8    63.8   110.9   122.6   191.8   229.5   253.3   271.3   293.5   322.0   370.3   533.7  1491.5  2562.9 154727.3   154918
read      213.9   158.5    68.9   106.5   117.4   185.6   226.1   251.4   270.7   293.9   323.3   371.9   558.5  2012.8  4320.1 139429.3   139185
read      222.1   164.7    68.9   111.9   123.9   195.4   234.6   259.3   277.4   299.4   328.7   374.3   524.2  2593.6  3877.4 152470.7   152724
read      218.1   101.1    59.1   107.3   123.1   210.5   240.1   256.2   267.9   281.9   301.6   334.8   470.0  1275.7  2458.7  20844.7    20845
read      306.7   409.8    68.9   114.0   128.6   223.0   270.3   296.9   317.6   344.5   390.6   680.4  2176.7  4587.2  7768.3 140474.0   140348
read      251.2   200.1    68.9   101.9   112.2   203.2   268.3   309.3   340.2   377.5   425.0   498.2  1005.1  2348.7  3682.4  88830.7    88725
read      237.7   246.8    63.8   106.6   117.6   191.9   235.8   262.8   282.2   306.4   339.8   404.1  1402.8  3096.3  7271.8 134037.3   134088
read      249.5   168.5    63.8   100.5   110.9   218.4   276.5   310.8   336.3   367.1   405.5   467.6   893.3  1862.0  3039.7  66146.0    66126
read      269.6   348.0    63.8   100.8   111.6   216.3   286.6   329.9   360.8   395.1   436.7   506.9  1299.4  2637.2 20278.9  78093.3    78214
read      251.8   156.3    68.9    99.7   110.7   226.7   284.8   318.2   341.9   368.8   402.1   457.0   803.7  1725.2  2539.2  55198.0    55191
read      252.4   182.7    63.8   100.1   111.0   227.5   285.3   318.1   341.4   367.4   398.6   451.7   844.6  1738.8  4333.2  53989.7    54081
read      266.6   300.9    68.9   105.6   116.7   198.9   250.2   281.5   306.9   341.5   402.0   594.2  1539.5  3635.8  7514.3 112362.7   112478
read      242.3   160.3    63.8   123.7   139.1   219.9   259.3   282.6   299.9   320.9   350.3   399.1   560.7  2451.3  4418.2 179570.3   179666
read      205.4   107.7    68.9   101.3   110.6   180.8   228.8   257.0   276.2   298.9   326.2   368.7   486.2  1121.7  2430.7 100367.3   100584
read      214.7   148.9    68.9   104.8   115.3   183.9   226.1   252.8   273.2   297.6   330.0   385.0   763.9  1552.7  3247.4 127847.0   127920
read      179.5    82.3    74.4   111.8   124.8   171.3   188.5   199.3   207.5   217.1   230.9   253.6   338.6  1120.0  3154.1   6593.3     6594
read      220.7   101.6    63.8   103.3   117.1   212.3   247.0   265.5   278.0   293.1   313.0   345.1   501.2  1338.0  1710.3  24998.7    25020
read      291.5   384.1    68.9   108.5   120.4   207.8   254.4   281.1   301.3   328.1   371.8   770.0  2121.3  3780.8  7682.0 129710.7   129587
read      196.3   155.0    68.9   113.1   129.1   183.4   203.7   215.3   224.1   234.1   249.5   274.4   425.9  2085.7  6921.2  10366.7    10277
read      288.4   372.5    63.8   114.8   129.2   218.9   265.4   292.1   312.6   338.8   378.3   492.0  2006.6  4115.8  7905.2 148153.3   148458
read      248.7   177.3    68.9   100.2   110.8   217.0   274.8   309.3   334.9   365.0   401.7   461.1   912.2  2088.3  3352.1  66090.7    66114
read      252.7   158.5    63.8   101.2   112.7   228.6   283.2   314.0   335.8   360.8   392.1   443.8   876.9  1864.8  2652.6  49105.7    49261
read      291.0   347.6    63.8   110.2   122.9   210.9   260.0   288.6   310.8   340.1   392.5   879.4  1613.5  3647.9  7709.9 133011.3   133049
read      207.5   104.4    63.8   102.4   112.0   181.5   228.7   257.8   278.4   302.4   332.4   378.6   515.3  1155.5  1821.2 106606.0   106628
read      224.5   104.7    68.9   106.5   121.6   215.6   249.5   267.8   280.6   295.5   316.3   349.7   504.8  1328.2  2666.1  23638.0    23498
read      252.1   262.3    63.8   103.5   114.1   196.3   251.4   285.7   312.4   348.7   406.1   515.9  1231.4  3400.4  7685.2 103567.3   103564
read      221.3   147.2    68.9   112.3   124.9   196.3   234.5   258.7   276.3   298.2   327.7   374.6   550.0  2036.0  3740.5 161949.7   161774
read      234.1   119.4    63.8   101.7   113.5   222.0   266.2   290.3   307.7   328.2   354.9   396.9   546.1  1280.0  2134.2  39348.7    39037
read      298.9   315.1    68.9   122.9   139.6   236.0   281.8   308.7   329.5   357.2   399.5   536.8  1638.0  3459.7  7193.9 163601.7   163622
read      208.9   123.9    68.9   104.7   115.1   182.3   223.3   249.0   268.7   292.0   321.5   370.6   562.8  1669.9  2320.9 132642.3   132405
read      211.3   128.2    68.9   104.3   114.5   181.9   223.5   250.0   270.3   294.8   326.9   380.9   700.9  1584.5  2324.3 131429.3   131596
read      232.9   158.1    68.9   118.8   133.0   208.7   246.8   269.9   287.5   309.2   338.6   389.6   588.7  2317.1  4110.5 174429.3   174543
read      253.4   269.8    68.9   102.3   112.9   203.0   266.2   306.9   337.9   376.5   426.4   501.3  1045.9  2380.9 14178.0  90768.3    90567
read      234.3   190.1    63.8   103.6   113.9   188.2   235.7   266.2   289.2   317.5   360.7   484.3  1087.6  2013.2  3816.9 116817.7   116582
read      199.5    88.1    68.9   109.8   126.8   191.6   215.0   228.3   237.5   250.1   267.1   295.1   416.1  1138.6  2175.4  13831.3    13888
read      293.5   368.5    68.9   106.3   118.3   203.4   253.1   283.4   307.9   343.1   423.4   902.6  1795.7  4026.1  7844.9 118904.7   119224
read      216.5   134.7    68.9   110.7   122.4   192.7   230.8   254.7   272.6   294.5   322.9   369.9   520.9  1968.4  3150.3 156405.7   156471
read      225.2   178.2    63.8   113.8   127.2   199.9   238.0   261.7   278.8   300.4   329.5   378.0   581.0  1949.0  6875.5 163819.3   164013
read      239.8   201.3    68.9   100.6   111.9   221.0   265.8   291.0   309.3   331.0   359.5   404.4   683.1  1808.3  7896.4  42078.7    41909
read      288.0   415.0    68.9   110.4   123.6   210.9   254.3   279.5   298.9   324.4   365.4   479.4  2752.3  4254.9  7929.0 128306.3   128280
read      207.2   107.3    68.9   101.6   111.0   181.0   227.9   256.6   277.3   301.7   332.7   382.6   521.9  1103.2  1868.3 107171.7   107066
read      242.1   128.8    68.9   100.2   111.6   225.3   277.0   305.5   325.0   346.8   375.1   420.4   658.9  1384.1  2263.9  46048.3    46119
read      210.3   501.3    74.4   112.4   128.3   183.3   204.5   216.1   225.0   234.7   250.1   275.0   399.4  9182.0 20466.5  10257.3    10227
read      196.3   155.9    63.8   113.2   129.0   183.5   204.2   216.3   225.6   235.5   252.2   277.9   485.8  1922.1  7120.1  10788.0    10870
read      229.7   209.3    63.8   107.4   118.7   190.3   231.1   256.6   275.7   299.6   332.3   394.8  1163.4  2698.6  4409.6 146550.0   146664
read      213.3   117.5    68.9   105.5   121.2   202.1   230.1   246.3   258.1   271.7   290.9   322.1   537.1  1547.1  2383.8  19858.3    19865
read      232.7   267.8    68.9   102.3   112.3   185.3   231.9   260.5   281.3   306.5   340.3   408.2  1327.2  2983.4 11324.8 113458.3   113409
read      258.8   271.3    63.8    99.5   109.7   208.9   265.8   297.7   322.5   355.4   399.9   487.1  1448.2  2962.4  7948.9  70521.7    70623
read      250.8   220.8    63.8    99.0   109.8   223.8   278.5   309.9   331.7   356.5   387.3   435.1   853.9  2776.2  7969.7  52704.3    52633
read      274.4   221.7    68.9   105.9   118.1   214.0   288.8   347.6   389.2   432.4   483.4   565.1  1015.2  2677.9  4342.2 104887.7   104630
read      239.6   139.3    68.9   100.0   111.5   222.9   270.5   296.6   314.7   335.8   362.8   404.7   704.6  1729.6  2631.1  42735.7    42594
read      268.8   248.9    63.8   102.1   113.3   208.4   278.9   329.6   365.6   404.5   452.1   531.3  1359.8  3002.0  4499.1  95179.7    95196
read      243.9   140.5    63.8    98.5   109.4   224.3   278.4   309.1   330.0   353.8   383.5   429.7   718.4  1598.6  2437.6  52402.7    52243
read      235.9   125.0    63.8   100.3   112.8   223.8   268.6   292.6   309.3   328.3   352.6   392.8   577.4  1497.0  2160.4  37023.0    37031
read      238.3   145.8    68.9    99.9   111.5   222.7   268.2   293.2   310.8   331.3   358.0   400.9   689.0  1803.4  3771.8  39900.0    39878
read      237.7   209.5    68.9   102.4   112.5   189.0   241.4   275.2   301.6   335.3   386.8   493.3   985.6  2548.5  5461.5 110581.0   110750
read      185.1    69.1    74.4   111.9   126.9   177.9   197.8   209.2   217.1   227.6   241.0   266.2   344.6  1091.1  1248.5   8245.3     8231
read      244.4   186.2    63.8    98.8   108.8   214.6   269.6   301.0   324.4   353.0   389.3   447.8   875.7  2380.9  4290.7  63275.0    63638
read      257.0   205.2    68.9   101.0   111.6   206.0   276.5   322.1   355.6   392.6   437.3   511.1  1044.1  2262.1  3729.5  90047.0    90167
read      248.3   377.5    68.9    98.2   108.7   222.0   274.0   303.4   323.5   346.5   375.5   424.0   813.4  1861.3 24701.5  50298.3    50555
read      206.9    84.3    68.9   107.5   125.5   201.5   227.6   241.5   251.6   264.2   279.9   308.0   395.9  1035.5  1772.4  16041.3    15997
read      241.0   186.3    63.8    99.2   110.6   222.9   269.7   295.0   313.3   334.8   362.1   402.9   774.0  1832.0  8202.3  43010.3    43089
read      199.0    84.8    68.9   110.7   128.5   192.0   215.3   228.3   236.9   249.1   264.8   291.3   397.7  1035.6  3821.8  12187.7    12188
read      261.0   272.6    59.1   100.0   110.6   215.3   281.6   321.3   351.4   385.9   429.5   503.6  1090.9  2431.5  7326.6  76259.7    76615
read      259.9   349.4    63.8   111.9   124.9   204.5   246.6   271.2   290.1   313.5   345.8   414.9  1927.4  4267.6  7914.3 143362.3   143480
read      243.7   168.7    68.9    99.7   110.1   217.5   272.0   302.5   325.1   353.6   390.5   447.0   798.1  2002.3  3045.3  63739.0    63793
read      254.3   186.7    63.8    99.7   110.2   216.8   279.2   316.2   343.4   376.0   417.3   485.9  1003.1  2047.7  3886.1  72041.0    71996
read      250.3   152.2    63.8   101.0   112.8   231.6   282.3   309.9   329.4   352.0   380.9   428.8   768.1  1810.0  3204.2  41558.3    41778
read      224.5    99.4    63.8   105.1   120.6   218.7   251.5   268.7   281.0   295.6   315.5   346.6   465.1  1231.9  2049.7  22013.7    21860
read      241.7   130.4    68.9    99.4   110.9   224.9   275.5   304.2   323.7   346.1   373.8   420.2   680.8  1515.1  2420.8  45601.3    45582
read      255.9   213.6    68.9    99.8   110.2   208.7   274.6   315.6   345.5   381.2   425.0   497.6  1091.9  2537.7  4102.9  82053.0    81972
read      241.9   136.3    59.1    99.4   111.2   225.9   275.6   302.2   320.3   341.8   368.5   410.7   648.5  1636.5  2512.3  42720.0    42852
read      246.0   143.1    63.8    99.0   109.9   225.6   279.4   310.1   331.0   355.2   386.3   434.8   760.7  1594.4  2477.3  51740.0    51852
read      248.1   230.1    68.9   103.8   114.6   193.9   245.3   278.0   304.2   339.3   398.0   529.9  1215.9  2756.6  4711.9 109162.3   109368
read      247.3   189.3    63.8    99.0   109.5   223.3   278.2   309.6   332.1   358.3   391.0   441.8   785.2  1818.0  7919.5  55762.0    55794
read      235.6   149.0    59.1   100.2   112.8   224.3   268.9   291.7   308.0   326.5   349.6   388.7   543.5  1369.6  2554.2  35574.3    35534
read      266.0   229.1    68.9   101.5   112.5   209.8   280.8   328.4   364.0   403.1   452.3   534.3  1204.1  2493.6  6937.3  90787.0    90576
read      283.6   383.3    63.8   103.0   114.6   213.3   284.3   334.6   371.1   411.9   462.3   561.8  1479.7  3276.2 21721.3  95120.7    95085
read      228.7   167.2    63.8   101.6   111.5   189.5   243.4   276.1   301.3   332.5   375.2   453.7   719.9  2144.2  3313.4 100113.3   100029
read      254.7   228.9    63.8    98.9   109.4   215.5   277.2   313.7   340.7   372.4   413.0   479.0   967.8  2853.1  7874.9  72370.3    72551
read      259.7   201.6    63.8   100.3   111.2   210.8   280.8   324.8   357.5   395.0   439.3   513.3  1077.8  2250.7  3380.9  84666.3    84629
read      259.2   186.1    68.9   100.3   110.9   220.3   288.6   329.4   358.9   392.5   433.2   500.4   939.2  2057.7  3322.7  74333.7    74136
read      269.9   340.3    63.8   109.7   121.7   203.4   248.5   274.5   294.9   320.0   359.7   467.6  1773.8  3794.5  7639.3 131022.0   130756
read      250.4   164.8    63.8   100.6   111.2   218.3   279.5   314.7   341.1   372.5   412.1   477.0   854.7  1819.4  2629.7  69842.0    69916
read      275.9   242.6    63.8   101.2   112.3   226.6   297.5   340.5   371.7   406.0   451.4   531.9  1265.4  2645.5  7253.8  71845.7    72019
read      267.0   199.8    63.8   101.5   112.5   220.0   293.3   338.6   370.6   405.5   450.3   526.5  1067.0  2055.3  3176.9  78201.3    78070
read      269.8   271.6    68.9   105.4   116.9   206.3   264.1   299.8   328.7   369.3   434.3   576.9  1478.0  3176.5  7312.4  99375.7    99548
read      247.4   159.1    63.8   102.5   115.1   230.2   276.5   301.9   319.7   341.1   369.0   416.8   739.3  1845.7  2696.9  36575.0    36393
read      286.2   307.2    63.8   129.9   147.7   244.0   289.5   316.5   338.0   365.6   403.3   476.3  1355.7  3505.3  7736.6 172397.3   172591
read      196.6    85.9    63.8   117.3   133.4   187.7   209.4   221.3   230.4   241.5   256.5   285.6   381.7  1177.0  3358.3   8374.3     8325
read      259.8   225.8    63.8   100.7   111.1   214.0   276.5   312.9   340.7   373.9   419.0   498.8  1240.6  2552.1  4059.6  73733.0    73684
read      255.8   173.1    63.8   100.3   111.8   231.6   286.7   317.5   339.4   364.5   396.4   450.0   893.9  2000.5  3295.2  48375.0    48420
read      194.5    88.0    63.8   116.5   132.1   184.0   204.0   216.6   226.6   238.0   254.7   289.2   423.6  1050.2  2875.0   6874.0     6828
read      257.6   308.9    63.8   106.6   118.1   198.3   245.4   273.3   294.6   320.6   360.0   450.1  1726.7  3512.9  7696.1 118675.7   118747
read      195.3    72.5    68.9   119.1   134.7   186.3   206.8   218.8   228.7   239.9   255.4   284.6   388.2  1128.5  1356.6   7179.3     7123
read      292.7   259.8    68.9   131.8   150.8   254.7   302.9   331.5   353.3   380.6   418.7   486.8  1298.2  3470.1  7179.8 174981.0   175577
read      217.2   116.8    68.9   109.8   121.5   193.1   233.3   258.7   277.4   300.4   330.9   380.6   552.8  1470.3  2067.5 147248.3   147498
read      251.2   141.3    63.8   104.5   117.6   234.9   281.0   306.7   325.0   347.2   377.4   428.3   713.5  1610.2  3057.8  35761.3    35814
read      268.1   185.3    68.9   102.4   113.6   235.2   299.8   337.3   364.3   394.8   432.8   498.5   999.2  2005.5  3245.5  59482.7    59488
read      312.6   354.7    68.9   137.2   156.7   262.0   309.0   336.6   357.8   384.4   422.2   493.6  2279.2  4189.9  7873.0 167536.0   167483
read      257.6   247.3    63.8   103.6   114.4   203.3   261.7   295.8   322.2   358.5   412.1   521.9  1287.8  2925.5  7273.4  88835.3    88988
read      238.2   377.0    74.4   122.0   144.0   210.9   235.6   251.2   263.7   279.0   301.8   345.1   578.4  8372.3 11963.8   9950.7     9869
read      278.1   312.8    68.9   110.2   122.5   210.3   262.2   293.5   317.6   348.6   397.5   557.2  1764.1  3322.3  7702.8 111450.0   111786
read      281.2   307.4    54.7   108.4   120.3   213.3   270.2   305.2   332.6   368.6   424.4   587.6  1835.4  3233.8  7651.9  92873.7    92736
read      344.9   244.0    74.4   163.1   186.8   305.3   363.4   397.7   424.1   456.4   500.3   580.5  1313.6  3451.9  7232.5 179019.3   178657
read      231.8   142.0    68.9   110.3   122.2   203.0   251.3   280.0   300.9   325.5   359.4   415.0   638.8  1689.2  2929.7 108928.3   108877
read      240.5   117.3    68.9   110.5   129.3   229.9   264.9   283.8   296.9   314.8   339.2   382.8   550.3  1470.7  2341.9  19095.7    19091
read      274.5   281.3    68.9   103.4   114.1   222.7   281.5   314.8   340.9   374.4   424.6   528.4  1591.9  3089.2  7715.1  65788.0    65772
read      277.2   248.2    68.9   104.4   115.7   219.2   286.7   328.7   362.7   403.8   460.7   570.8  1373.9  2713.3  5370.2  79032.7    79060
read      240.5   161.0    68.9   107.2   118.4   202.2   257.9   291.5   316.3   346.1   390.3   469.6   800.5  1803.5  3214.0  99696.7    99953
read      259.0   152.9    68.9   108.6   125.9   243.2   287.8   312.4   330.4   351.9   381.4   432.5   703.4  1675.7  7108.3  24332.0    24354
read      303.1   348.6    68.9   122.0   138.6   239.2   291.0   320.8   344.5   375.0   422.6   533.7  1784.2  3736.2  7660.5 144273.3   144236
read      305.0   203.3    63.8   138.9   158.8   269.8   324.5   358.0   383.3   415.4   460.4   541.9   945.0  2753.2  4186.1 168107.3   168093
read      263.7   243.2    68.9   110.3   126.9   228.7   267.0   290.3   308.8   332.5   366.8   438.6  1290.2  2873.9  7826.8  22208.3    22028
read      355.7   498.6    68.9   108.3   121.9   242.5   323.0   378.5   420.4   469.9   545.7   842.6  2616.3  7015.6  8635.6  77497.0    77499
read      349.5   548.9    68.9   119.5   135.8   238.6   289.2   318.1   341.5   372.1   423.9   784.9  3311.3  6482.3  8341.0 128204.3   128271
read      243.7   214.0    63.8   110.3   122.3   203.5   250.9   280.3   302.1   328.9   365.8   434.7  1096.5  2804.7  6253.5 126597.3   126673
read      267.7   175.0    63.8   103.3   115.7   242.2   299.3   331.9   355.7   384.9   423.4   487.7   864.4  1975.3  3754.4  43705.3    43605
read      298.0   342.1    68.9   109.5   121.9   216.8   273.2   308.6   337.4   377.4   453.4   759.1  1760.3  3593.6  7632.1 103037.3   103217
read      293.3   293.2    68.9   107.0   119.4   217.7   286.4   336.5   379.6   433.7   504.1   642.7  1576.9  3380.7  7480.5  93660.0    93706
read      258.5   180.4    68.9   107.8   125.3   240.9   284.6   308.4   325.2   345.2   373.3   425.5   714.2  2093.5  7316.8  23217.3    23247
read      297.5   273.5    68.9   105.0   117.1   232.6   313.1   364.9   401.3   443.6   497.1   601.5  1505.1  3081.1  7223.3  77221.7    77378
read      216.6   120.9    74.4   118.5   138.3   203.0   229.3   245.4   257.5   272.3   292.0   322.4   505.5  1729.6  2757.9  10428.7    10495
read      300.5   360.5    68.9   113.9   128.6   222.7   272.5   302.0   324.4   355.2   403.3   662.3  1740.1  3620.6  7706.8 134802.0   134841
read      221.2   150.1    68.9   105.6   116.4   189.6   234.9   263.7   284.9   310.2   342.9   398.6   711.5  1840.2  3266.3 120691.7   120602
read      269.3   209.0    63.8   102.9   115.8   237.8   290.8   320.1   341.6   367.7   402.7   473.6  1143.1  2371.6  7109.3  37062.3    36975
read      361.9   439.8    63.8   135.1   156.0   270.1   321.9   356.5   384.9   424.5   492.2   821.7  2579.6  4623.6  7978.7 150929.0   151323
read      224.2   153.3    68.9   104.1   114.5   190.8   240.7   270.7   292.4   318.1   352.1   410.9   720.3  1908.2  3178.4 105396.3   105217
read      216.8   132.0    63.8   103.9   114.0   186.6   234.0   263.7   285.2   310.7   343.2   396.5   607.5  1566.1  2949.6 110613.7   110653
read      220.5   159.1    68.9   106.5   117.4   188.3   232.5   260.7   281.6   306.7   338.7   394.9   712.2  2151.5  4377.4 127688.0   127593
read      204.6    88.4    63.8   101.9   111.6   182.3   232.6   261.7   280.7   301.4   326.7   365.9   453.2   593.4   870.8 101147.0   101096
read      212.9   101.1    63.8   112.8   124.9   193.5   230.8   254.3   272.6   294.2   322.1   367.6   477.1   900.9  2578.9 158719.7   158958
read      203.5    85.9    68.9   105.9   116.5   182.2   222.7   249.0   268.8   292.2   320.1   363.7   459.8   650.3  1327.2 136752.0   136541
read      212.3    93.4    63.8   113.7   126.5   195.2   231.6   254.3   271.7   292.6   319.5   362.6   457.9   739.4  1934.8 164704.0   164999
read      219.0   102.2    68.9   115.6   128.9   200.2   237.7   261.5   279.1   300.7   329.3   374.5   500.5   847.3  3252.9 164657.7   164911
read      204.4    87.0    63.8   100.5   110.0   184.8   238.5   265.1   281.8   299.9   321.1   357.0   436.1   578.2   924.3  88195.0    87904
read      215.5    84.0    54.7   116.1   129.2   199.1   234.8   257.8   274.6   295.6   322.3   366.3   464.8   727.8  1024.3 168718.0   169356
read      212.8    94.8    68.9   101.5   111.4   201.2   252.2   274.4   289.3   305.9   326.5   360.8   440.2   590.2  2633.1  67920.7    67870
read      224.9   114.2    63.8   117.9   131.5   205.3   243.8   267.7   285.9   308.3   337.8   386.5   509.9   924.5  3472.8 167903.3   167602
read      213.3    82.7    68.9   115.8   128.9   197.7   232.9   254.7   271.5   291.6   317.7   359.6   450.5   712.0  1239.9 170181.7   170450
read      211.1    87.6    68.9   101.5   111.3   197.7   250.1   272.9   288.2   305.3   326.4   361.3   441.8   587.0  1061.3  73069.0    72942
read      208.4   124.1    74.4   119.4   138.9   205.6   226.7   237.5   246.6   256.0   270.3   293.1   350.6   776.7  7446.4  13870.0    13873
read      214.9    79.9    68.9   104.2   115.2   217.6   251.7   268.1   279.3   292.5   309.7   336.3   399.3   540.2  1413.6  45021.0    45295
read      228.2   247.4    68.9   116.2   129.8   205.4   246.3   271.4   290.6   314.1   344.7   396.9   541.4   870.6  6279.1 157608.3   157697
read      223.8   174.9    68.9   108.0   119.3   196.2   246.3   276.6   298.5   323.8   357.6   411.5   555.0   957.5  2737.8 117111.3   117232
read      211.2    94.5    63.8   102.8   112.8   186.8   240.2   270.5   290.5   312.8   340.4   383.1   484.1   656.1  1299.1 101125.0   101152
read      208.5    76.7    63.8   102.9   113.3   209.5   245.3   262.0   272.8   286.3   302.5   328.4   388.0   496.5  2017.0  50438.3    50333
read      199.3    88.2    68.9   105.1   115.4   179.3   218.5   243.8   263.1   285.2   311.6   348.3   428.9   673.2  1504.2 136470.3   136447
read      202.8    80.1    63.8   110.0   121.0   185.6   221.4   243.8   261.1   281.9   308.8   346.9   432.0   654.9  1691.8 158768.7   158298
read      203.5    78.4    63.8   100.7   110.5   195.4   242.3   262.3   274.7   289.3   307.0   334.0   394.8   492.7   765.2  69421.3    69328
read      217.8    93.2    68.9   115.4   128.7   200.8   238.1   261.7   278.8   299.8   327.2   370.2   470.4   793.6  1756.6 164684.3   164566
read      223.2   103.6    68.9   104.4   115.3   209.9   262.9   286.9   303.0   320.8   344.4   384.1   476.3   668.4  2960.1  70696.7    70740
read      208.6    97.7    63.8   104.1   114.2   185.4   235.0   264.8   284.6   306.2   332.0   370.7   460.0   675.3  2835.1 106966.0   106915
read      200.9    83.6    68.9   103.9   114.0   180.1   222.9   250.0   269.8   291.6   317.4   355.8   434.2   583.4  1003.1 126121.0   126425
read      203.2    88.7    63.8   100.5   110.1   188.3   239.2   262.8   277.3   293.4   313.5   343.7   412.1   526.4  1201.5  79088.7    79083
read      200.3   100.2    68.9   106.3   116.7   180.6   218.5   243.3   262.3   284.3   311.5   349.4   432.0   631.2  3493.7 143054.0   143445
read      208.0   107.6    68.9   112.7   124.9   191.1   226.4   248.5   265.6   286.1   312.7   353.0   439.1   694.9  2025.8 165588.7   165502
read      205.9    79.1    63.8   104.2   115.2   208.0   237.6   252.2   262.6   273.6   289.9   314.9   374.5   499.8  1367.5  40921.0    40820
read      202.4    67.6    63.8   109.3   123.1   203.7   226.3   237.8   247.3   257.7   271.8   294.1   345.7   458.7  2116.7  25095.0    25097
read      204.1    64.1    68.9   108.8   121.9   205.6   229.4   241.9   251.0   262.1   274.9   297.2   349.6   441.2  1839.4  26668.3    26808
read      207.0    93.6    63.8   101.3   111.0   195.1   245.0   266.9   281.0   296.3   316.2   345.8   415.1   538.5  1286.9  72899.3    72990
read      201.0   102.0    68.9   102.1   111.8   178.9   224.7   252.7   271.8   292.8   317.4   354.3   432.9   625.8  3327.1 114085.3   113963
read      201.9    87.0    63.8   101.1   110.7   181.9   231.8   259.3   276.6   295.2   317.8   352.6   431.2   573.5  1182.9  97516.7    97475
read      203.9   148.3    68.9   113.2   129.1   201.6   223.0   233.8   242.7   252.7   267.3   291.0   351.7   557.1 11143.4  18679.0    18649
read      206.5    91.5    63.8   109.6   120.6   187.4   225.5   249.4   267.7   289.4   316.6   358.9   457.1   745.8  1725.6 149857.0   150293
read      201.4    88.5    63.8   103.3   113.2   179.9   224.0   251.5   271.0   292.4   317.9   356.7   442.2   661.6  1712.0 119477.0   119407
read      205.1    96.9    59.1   100.6   110.2   189.1   240.8   264.7   279.8   296.0   316.6   347.3   421.0   560.3  3014.6  79994.0    79895
read      207.4    94.6    63.8   107.0   118.0   187.9   228.5   253.8   272.5   294.6   321.6   365.9   461.2   638.3  1725.7 137196.0   137569
read      199.7    86.2    68.9   101.3   110.8   178.7   224.9   252.6   271.5   292.2   316.3   353.0   436.3   618.7  1130.0 109955.7   109784
read      206.7    77.3    68.9   102.0   112.1   207.0   243.3   260.0   271.0   284.4   300.9   327.4   389.6   506.2   916.9  52199.3    52195

