Timestamp start: 1747214468358
Timestamp end: 1747215308632

#type       avg     std     min      p5     p10     p50     p67     p75     p80     p85     p90     p95     p99    p999   p9999      QPS   target
read      203.3   181.7    74.4   117.3   133.3   183.5   203.8   215.7   224.6   234.4   249.9   280.1   834.4  2057.6  7773.9   8078.3     8195
read      305.5   447.2    68.9   124.8   141.7   239.6   285.3   310.2   328.4   350.7   382.8   447.2  3013.3  6227.7  9504.1 158242.0   158594
read      227.8   161.8    68.9   112.1   124.5   198.0   237.3   262.2   280.2   302.4   332.4   384.7   908.0  2118.0  3264.3 149608.7   149766
read      200.0   103.5    63.8   113.4   131.4   187.0   208.7   221.1   230.8   242.7   258.9   289.5   620.1  1329.1  1884.9  10337.3    10382
read      313.8   351.4    68.9   134.4   153.7   259.0   302.8   327.9   346.4   371.1   406.5   489.9  1826.3  4225.7  7833.2 170372.0   170548
read      219.0   147.3    63.8   110.4   122.0   192.7   231.5   255.8   273.6   295.6   324.7   372.6   651.9  1923.7  3846.9 150649.0   150565
read      210.6   124.3    68.9   105.9   116.5   183.6   223.7   249.1   268.5   291.4   320.7   369.5   671.0  1568.8  2181.3 137675.3   137144
read      211.5   141.5    63.8   105.4   116.2   183.6   223.3   248.1   267.1   289.6   318.1   366.3   692.4  1805.5  3588.9 143690.0   143496
read      218.2   149.6    68.9   107.6   118.7   188.8   228.9   254.0   272.9   295.6   325.7   374.7   800.4  1940.7  3039.1 144629.7   144743
read      208.2   108.4    63.8   103.1   113.0   182.0   227.5   255.7   276.0   299.6   329.4   376.6   564.7  1049.4  1837.5 116800.7   116745
read      213.0   128.3    59.1   105.3   115.9   184.4   226.3   252.9   272.6   296.3   327.6   379.4   703.8  1450.7  2867.3 129348.3   129314
read      216.4   164.2    63.8   107.6   118.7   188.0   227.9   252.6   271.1   293.6   322.4   371.3   719.2  1930.1  3883.1 144580.3   144723
read      209.3   113.0    68.9   102.8   112.6   181.6   226.9   254.9   275.2   299.3   330.0   380.1   625.6  1153.8  2033.6 117604.7   117379
read      211.0   127.1    68.9   103.2   113.0   181.3   226.5   254.9   275.4   300.2   331.9   385.5   661.0  1305.8  2324.9 119635.3   119931
read      210.5   143.1    68.9   104.7   114.9   182.4   223.3   249.4   269.2   292.9   322.3   372.7   689.4  1357.0  3256.0 132107.0   132052
read      215.3   140.0    63.8   106.7   117.8   186.1   225.4   250.2   269.2   291.9   321.3   372.5   813.1  1666.9  2606.5 143454.7   143350
read      215.5   142.6    63.8   107.9   119.0   188.4   228.1   252.8   271.3   293.9   323.6   372.5   696.9  1685.4  3435.1 143617.7   143518
read      256.0   196.9    68.9   125.9   142.0   228.3   270.6   295.3   314.1   337.3   368.7   423.3   701.2  3141.5  6075.7 172955.0   172981
read      284.3   345.5    68.9   103.8   114.9   206.4   267.8   308.4   343.5   393.6   462.1   585.3  1938.7  3917.6  7849.0  94042.0    94027
read      246.8   205.0    63.8   120.4   135.2   217.1   258.6   282.9   300.8   321.9   351.9   401.6   773.9  3322.2  4913.3 169959.3   170019
read      248.4   163.9    68.9   126.5   142.1   225.6   265.3   288.5   306.0   326.9   355.7   402.6   609.1  2169.3  5082.6 179110.0   179090
read      254.8   173.1    63.8   100.6   111.4   227.5   278.1   309.3   333.0   361.8   399.2   464.6  1001.9  1790.1  3047.9  47191.7    47130
read      240.0   349.0    68.9   108.1   126.2   220.5   256.2   275.2   289.4   305.6   326.2   362.8   728.0  1877.6 20276.8  19551.0    19439
read      319.9   436.9    68.9   111.5   125.3   222.8   277.3   307.0   328.9   357.8   403.9  1103.3  2532.7  4572.3  7919.4 129060.3   128963
read      234.8   144.7    63.8   104.6   119.6   217.2   254.5   275.6   291.9   310.6   334.8   377.0   777.4  1663.4  4044.9  23924.7    23787
read      279.0   259.7    63.8    99.5   110.4   225.4   292.9   335.5   365.3   398.3   440.9   531.4  1507.7  2546.4  7303.3  61966.0    61848
read      272.8   370.8    63.8   104.1   114.8   198.5   252.9   286.3   311.8   345.8   409.5   562.5  1934.8  5131.9  7878.9 102010.7   101968
read      213.1   131.0    59.1   101.9   111.5   182.7   231.1   260.3   281.1   305.9   337.4   390.6   632.2  1576.0  2381.4 108702.7   108767
read      306.6   420.5    68.9   105.4   117.1   210.8   273.4   316.4   356.7   415.8   491.3   635.0  2396.2  5170.8  7991.2  97146.0    97139
read      235.5   233.8    68.9   113.8   127.0   202.5   244.6   269.6   288.0   310.0   339.1   388.0   696.0  3438.8  6954.0 158524.3   158594
read      216.3   153.3    68.9   107.3   118.3   187.6   228.7   254.0   272.7   295.3   324.4   371.3   672.6  2130.0  3560.4 140885.3   141240
read      247.0   166.9    63.8   100.7   112.1   223.1   270.3   298.8   320.2   345.1   378.9   436.9   872.9  1874.4  3097.3  41268.3    41405
read      274.7   235.7    63.8   100.1   111.0   227.9   292.6   333.2   362.5   395.4   437.0   526.8  1312.8  2443.0  7114.0  57649.3    57997
read      269.1   349.2    68.9   107.6   119.5   202.7   253.0   281.7   302.3   327.3   363.2   455.7  1695.0  3646.4  8942.9 133773.7   133577
read      255.6   207.5    68.9    99.9   110.4   222.0   277.0   310.6   335.8   366.0   405.0   471.8  1046.4  2195.1  7392.2  53654.3    53832
read      295.1   435.4    63.8   111.4   125.2   216.3   267.4   294.5   314.2   338.5   372.7   465.1  2863.7  5192.0  8116.0 139358.3   139832
read      236.8   173.2    63.8   118.6   133.0   211.4   250.6   273.9   291.7   313.3   341.8   390.8   630.7  2562.9  5068.9 170192.3   170515
read      211.1   140.0    63.8   103.5   113.8   182.2   224.9   251.8   271.7   295.1   324.9   372.6   654.4  1747.4  3853.4 128808.7   128494
read      228.2   128.3    63.8   107.6   124.2   213.5   247.8   267.1   280.8   297.1   319.7   360.8   675.9  1522.7  3157.7  20813.7    20789
read      277.9   278.3    59.1    99.7   110.2   222.4   288.1   328.4   359.0   394.7   440.8   539.6  1465.1  2974.9  7533.3  63530.3    63647
read      280.2   267.2    59.1   100.8   111.6   224.6   292.8   335.7   367.6   404.2   455.8   568.3  1369.2  2929.7  7555.0  64796.7    64802
read      270.2   194.1    59.1    99.8   110.7   231.7   298.2   338.3   366.1   397.1   436.0   510.9  1123.2  1866.3  2907.8  55607.0    55719
read      326.4   323.2    68.9   145.5   166.7   275.7   319.2   344.3   364.1   388.5   423.9   503.3  1694.5  3687.2  7660.0 174340.3   174179
read      210.8   114.9    68.9   101.5   110.9   182.2   231.6   262.0   283.1   308.0   339.9   394.0   563.5  1119.6  2300.8 106110.7   106356
read      267.6   217.6    63.8   128.7   145.5   235.7   281.3   308.4   328.3   353.1   386.6   442.6   883.4  3009.5  7913.4 178719.3   178750
read      214.7   132.9    68.9   102.6   112.3   184.2   231.9   261.1   281.7   306.2   337.8   393.8   685.2  1452.0  3101.1 105998.0   105831
read      217.6   139.5    68.9   103.3   113.2   184.8   231.8   261.1   282.5   308.0   341.2   403.7   734.9  1450.3  3190.6 110722.3   110667
read      205.2   240.2    68.9   114.4   130.1   183.1   204.3   216.6   225.7   235.5   251.7   280.1   741.6  4555.7  8010.6   8799.7     8803
read      268.1   265.6    59.1   101.2   112.6   233.3   292.5   325.7   348.5   374.6   408.0   470.5  1022.4  2631.1 11148.9  45727.7    45662
read      246.2   148.4    59.1   102.5   115.8   226.2   271.6   296.8   314.3   334.9   361.7   409.7   851.1  1663.4  2531.8  30845.7    30867
read      261.4   211.1    68.9   100.5   111.8   231.1   288.9   320.8   343.5   369.0   401.4   464.4  1034.3  1862.0  8890.7  45715.0    45656
read      294.6   415.2    68.9   104.9   116.2   205.2   262.4   296.7   324.7   367.5   448.3   647.9  2171.5  5087.1  7953.4 100877.3   100938
read      211.4   148.5    63.8   104.9   115.4   183.5   225.7   252.1   271.6   294.0   322.1   367.4   536.4  1851.8  4286.8 132262.3   132360
read      260.2   207.3    68.9   100.5   110.8   216.7   281.1   320.0   350.5   386.3   430.8   503.7  1138.0  2163.4  3663.3  67643.3    67591
read      247.2   221.6    68.9   101.8   114.3   224.2   268.4   293.4   311.9   333.4   361.5   408.7   902.1  2111.3 11199.8  33809.3    33910
read      318.2   441.3    68.9   103.7   115.5   217.5   292.8   347.3   390.7   438.1   500.6   658.9  2317.8  5096.1  8124.8  85857.3    85729
read      208.1   100.9    68.9   112.8   130.8   198.2   224.1   237.9   248.8   261.5   277.8   309.0   465.2  1430.0  1971.3  12896.0    12884
read      260.4   192.1    68.9   100.3   111.6   230.0   287.0   319.9   343.0   369.0   401.3   459.5  1025.2  2081.4  4489.0  45657.3    45621
read      250.5   163.1    63.8   101.8   114.3   230.0   281.0   308.3   327.0   348.6   377.1   424.9   803.4  1860.0  3966.7  36955.3    36938
read      266.9   208.2    63.8   100.0   111.0   229.0   292.7   330.9   357.5   387.3   425.0   494.4  1120.2  2456.7  4604.1  56700.7    56902
read      266.2   298.9    68.9   104.8   115.6   199.4   254.1   287.6   313.3   347.3   410.1   575.6  1565.1  3767.0  7641.1 102471.3   102243
read      211.0   124.8    68.9   110.2   128.6   200.2   226.5   240.8   251.5   264.8   281.9   311.3   502.1  1559.4  4265.8  14038.0    14085
read      329.2   419.5    59.1   107.6   120.3   222.6   297.9   361.3   409.5   464.6   537.0   738.3  2282.8  4780.2  7901.8  94209.0    94103
read      264.9   206.4    68.9    99.0   109.7   227.2   290.9   328.8   355.3   385.8   423.4   489.8  1130.7  2263.8  4510.2  58233.3    58175
read      270.1   312.1    68.9   113.3   127.4   214.5   262.2   288.7   308.0   331.4   364.7   435.0  1609.2  3614.0  7568.7 151384.7   151312
read      261.1   240.4    63.8   101.3   111.8   203.7   268.9   310.1   343.5   387.1   441.7   525.9  1363.7  2735.2  5117.6  83534.7    83333
read      254.4   226.1    63.8   118.3   132.7   215.9   259.1   283.9   302.0   323.7   354.2   409.1  1426.7  3231.4  3878.0 164835.7   165153
read      210.1   139.8    63.8   103.0   113.1   180.8   223.7   250.7   270.7   294.1   323.4   372.2   660.3  1734.9  3230.4 123976.0   123975
read      234.8   127.6    68.9   103.0   116.4   220.4   261.3   283.8   299.3   318.0   342.6   383.2   657.8  1569.8  2019.0  28638.3    28449
read      212.9   113.9    74.4   109.7   128.4   202.3   229.7   244.8   255.5   269.4   287.6   317.0   528.0  1337.8  3926.7  14672.0    14903
read      244.3   142.7    63.8   102.2   115.7   227.2   273.2   297.2   314.3   333.9   359.4   402.6   780.1  1635.5  3070.0  31182.3    31189
read      251.9   162.6    63.8    99.9   111.7   228.5   282.1   311.0   331.3   354.8   385.3   436.6   871.3  1775.0  2924.3  40533.0    40636
read      287.7   318.5    63.8   101.2   112.0   215.0   290.8   341.6   378.7   419.9   470.1   564.3  1703.1  3693.5  7870.1  80279.0    80574
read      258.7   244.3    68.9   121.0   136.5   221.0   263.8   288.3   306.5   328.5   359.3   415.6  1383.0  3305.3  7281.9 168226.3   168820
read      226.9   215.7    68.9   113.6   126.8   199.1   237.2   261.3   278.9   300.2   328.6   374.1   668.5  2377.5  6104.2 162374.0   162621
read      206.1   116.5    63.8   100.2   109.7   179.4   228.4   257.1   276.7   298.7   326.6   369.3   506.3  1378.6  2462.4 101711.3   101621
read      260.2   184.2    59.1    99.4   110.1   226.2   289.8   327.0   353.8   384.3   422.6   487.6  1017.1  1948.0  2983.1  58547.0    58592
read      282.0   319.8    68.9   115.4   130.1   222.0   269.5   295.9   315.3   339.9   376.2   479.6  1608.8  3454.4  7729.2 152663.3   153042
read      208.8   126.3    68.9   102.3   112.1   181.4   227.0   254.7   274.7   298.3   327.6   373.0   538.4  1544.1  2972.0 112496.7   112238
read      227.0   186.5    68.9   114.6   128.1   201.7   241.1   265.4   283.2   304.7   333.1   378.0   560.7  1961.5  9736.9 160128.3   160265
read      260.7   220.5    59.1   100.7   111.1   224.2   281.8   317.5   344.7   377.7   419.7   485.9  1040.8  2550.6  7207.4  57078.3    57109
read      312.9   351.6    68.9   106.2   118.6   221.2   304.7   368.5   413.5   462.7   524.8   654.7  1941.0  3951.6  7783.8  88595.7    88551
read      200.9   131.6    63.8   116.3   133.6   187.6   209.4   221.2   230.3   241.5   256.8   286.1   536.8  1507.3  7184.0   8412.3     8385
read      247.3   143.7    59.1   102.4   115.0   229.9   278.8   304.6   321.9   343.0   370.4   418.1   745.2  1485.3  2080.5  33985.7    34088
read      303.1   385.2    68.9   107.6   119.6   210.5   262.9   293.2   317.1   350.2   419.8   972.5  1868.1  4298.3  7711.4 113522.3   113600
read      211.8   126.9    63.8   105.5   116.1   185.0   227.1   253.3   272.9   296.0   325.4   371.8   560.7  1664.1  2158.0 131600.3   131842
read      209.3   115.3    59.1   102.7   112.5   183.0   229.4   257.6   277.5   300.8   330.4   375.2   528.4  1465.1  2165.2 111829.7   112066
read      277.1   292.4    63.8   101.4   112.1   216.4   283.9   326.6   360.4   399.4   448.2   533.4  1555.7  3470.4  7698.5  72702.0    72585
read      262.6   347.8    63.8   107.9   119.6   200.2   248.8   276.2   296.3   320.2   353.4   424.0  1935.2  4074.9  7714.8 133851.7   133669
read      202.4   113.5    68.9   112.4   130.2   191.9   215.9   229.4   238.9   251.1   267.3   293.9   433.7  1280.5  3418.6  11861.0    11820
read      207.3   110.3    68.9   112.0   130.6   197.4   223.2   236.1   247.2   259.6   274.8   304.0   461.9  1371.0  4815.2  12753.3    12639
read      295.6   376.1    68.9   107.9   119.9   208.0   258.8   288.7   312.0   343.3   403.8   873.2  1808.3  4449.0  7673.1 118365.0   118548
read      223.3   155.0    68.9   115.9   129.2   200.7   237.5   260.4   276.7   296.8   323.5   367.8   539.6  1967.5  3488.2 166004.0   165754
read      260.1   281.3    59.1   100.3   110.6   201.2   262.3   299.7   329.5   367.5   417.9   502.9  1494.1  3388.6  7579.7  87087.7    86823
read      210.7   136.1    63.8   106.5   123.5   200.4   227.0   241.0   251.4   264.5   281.4   312.2   516.8  1585.0  6098.4  16772.7    16898
read      286.9   348.5    68.9   106.3   118.0   202.7   248.0   274.7   296.4   325.5   379.4   994.8  1673.9  3741.9  7397.8 123153.3   123124
read      244.5   179.1    63.8    99.3   109.3   210.6   272.5   309.4   336.3   368.0   406.2   465.8   810.0  1713.3  3175.2  72221.0    72278
read      240.3   141.5    59.1    98.7   109.5   220.9   273.5   302.6   322.0   344.8   372.5   417.6   727.3  1513.1  3124.2  47843.3    47757
read      247.3   164.9    63.8    98.2   108.2   218.7   277.6   312.6   337.2   364.8   397.7   451.2   858.4  1790.5  3164.3  60446.3    60510
read      219.2   106.0    68.9   102.9   116.5   211.4   245.5   264.1   276.6   291.9   311.4   342.2   478.3  1302.2  3592.9  25124.7    25237
read      295.7   352.0    68.9   104.2   115.8   211.3   282.1   338.9   381.1   426.0   481.5   586.8  2011.6  3974.1  7731.8  97830.0    97783
read      221.5   188.8    68.9   103.2   113.3   183.6   228.9   256.7   276.7   300.8   333.1   392.4   991.6  2529.5  4302.2 118935.0   118966
read      202.3    80.1    68.9   107.2   123.4   196.1   222.1   235.1   246.0   258.4   274.7   304.9   402.6  1044.7  1235.8  16709.7    16631
read      209.2   364.2    63.8   112.0   128.9   187.7   209.6   221.8   231.0   242.3   257.1   284.2   472.3  7512.1 11920.9  11724.3    11743
read      257.4   315.2    68.9   104.2   115.0   193.2   243.1   274.9   299.5   334.0   393.3   543.9  1448.5  4232.7  7702.0 114511.7   115026
read      202.6   112.3    63.8   101.9   111.5   176.7   219.3   245.9   265.4   287.8   316.0   359.6   538.1  1395.9  2158.0 122837.3   122371
read      181.4   105.7    68.9   110.3   123.5   172.2   190.2   200.3   208.3   217.2   231.0   253.9   375.5  1246.4  4689.7   7229.7     7198
read      220.0   117.3    68.9   103.4   117.2   211.1   245.5   264.1   276.8   292.0   311.7   344.1   509.6  1246.6  3701.3  24972.7    25022
read      311.4   346.1    68.9   121.2   138.1   238.4   281.1   305.9   325.0   351.5   397.2   880.5  1699.0  3568.4  7585.3 157248.0   157513
read      225.8   138.3    68.9   118.0   131.7   204.5   240.7   262.9   279.0   298.9   325.6   369.1   533.5  1997.3  3166.6 171811.3   171975
read      214.9   138.8    68.9   110.5   122.1   190.9   228.5   251.5   269.2   290.4   317.6   362.7   530.8  1902.7  3918.4 155027.0   154918
read      212.7   141.4    63.8   106.2   117.2   186.3   226.6   251.3   270.0   292.1   320.5   367.2   572.7  1934.7  3880.7 139073.3   139185
read      214.2   126.4    68.9   109.6   121.4   192.6   230.5   253.2   270.5   291.4   318.1   363.0   497.9  1820.9  2797.2 152721.0   152724
read      208.1   108.8    68.9   105.0   119.4   200.3   229.1   244.4   254.9   268.5   285.9   314.6   431.5  1539.3  3946.2  20826.0    20845
read      284.9   343.0    68.9   110.2   122.6   210.0   255.1   280.4   299.2   323.9   365.5   739.3  1727.5  3443.1  7431.0 139859.7   140348
read      250.7   228.6    68.9    99.8   110.1   199.1   263.0   302.9   333.3   369.6   415.8   492.2  1167.4  2563.1  5791.2  88634.0    88725
read      233.7   269.5    54.7   105.5   116.3   187.9   230.6   255.8   274.3   296.3   326.4   381.8  1350.2  3437.5  6789.4 133691.7   134088
read      242.2   159.5    68.9    99.3   109.5   213.6   272.0   305.2   329.1   357.6   394.3   451.8   772.5  1819.1  2713.8  66125.0    66126
read      250.2   173.1    68.9    98.9   109.2   210.3   279.8   322.0   352.5   385.6   424.7   484.8   874.3  1788.0  3308.7  78157.7    78214
read      244.7   166.3    59.1    98.1   108.5   218.6   275.4   307.4   329.7   354.6   385.5   433.6   857.3  1740.6  5743.8  55128.7    55191
read      246.6   155.8    68.9    99.1   109.8   220.5   277.3   309.9   332.1   357.2   389.1   442.1   856.2  1699.8  2504.0  54010.0    54081
read      248.1   263.7    63.8   104.2   115.0   191.5   241.6   273.6   298.2   331.7   385.5   507.3  1275.7  3349.9  7425.6 112580.3   112478
read      229.3   118.2    68.9   122.2   137.1   211.4   246.6   267.6   283.4   302.7   328.8   371.7   526.8  1461.6  3120.4 179575.0   179666
read      204.6   101.2    63.8   100.8   110.2   180.9   229.9   257.9   276.6   297.7   323.7   365.3   483.4  1089.9  2116.5 100428.0   100584
read      210.2   132.3    68.9   104.3   114.6   183.0   225.3   251.6   270.9   293.7   322.3   369.3   617.5  1535.2  2597.7 127927.7   127920
read      180.4   122.1    63.8   108.3   121.3   169.1   186.8   197.5   205.1   215.1   229.0   252.9   402.3  1689.7  4758.7   6582.3     6594
read      216.9    92.4    68.9   103.6   117.3   209.2   243.5   261.7   274.1   289.6   309.2   340.6   471.7  1103.3  1447.3  24970.7    25020
read      296.9   383.9    68.9   109.7   122.3   211.5   257.7   283.4   303.1   329.1   373.1  1018.8  1781.5  3765.1  7555.6 129478.7   129587
read      192.7    99.1    68.9   112.6   128.7   183.9   205.5   217.1   226.3   235.9   251.5   275.6   383.0  1350.0  2372.1  10274.0    10277
read      295.8   355.9    68.9   115.6   130.5   224.4   269.0   294.2   313.9   339.7   381.2   610.8  1708.3  3713.5  7787.3 148390.0   148458
read      240.6   143.4    63.8    99.7   109.9   214.6   272.1   304.6   328.8   358.0   393.8   450.3   707.0  1573.3  2650.3  66079.3    66114
read      244.4   181.9    63.8    99.0   109.7   222.1   275.7   306.7   327.3   350.6   379.2   426.4   761.2  1640.0  7084.1  49366.7    49261
read      276.7   332.4    63.8   109.3   121.3   204.0   250.9   277.4   297.0   322.0   362.4   589.1  1674.1  3482.6  7499.2 132864.3   133049
read      208.8   110.5    63.8   102.5   112.1   182.1   229.7   258.8   278.9   301.8   330.6   374.7   545.7  1283.5  1808.7 106699.0   106628
read      219.8   103.9    68.9   105.1   119.6   211.1   243.6   261.2   273.4   288.7   308.6   341.9   497.2  1321.2  2035.5  23484.0    23498
read      243.6   238.0    68.9   102.6   112.8   191.2   245.9   279.7   305.7   339.9   393.2   490.0  1165.1  3121.5  5314.2 103451.7   103564
read      216.7   133.9    63.8   113.0   125.6   195.3   231.7   253.9   270.9   291.5   317.9   361.0   487.3  1984.8  3255.5 162165.3   161774
read      233.8   128.2    63.8   101.3   113.1   220.2   263.9   287.3   304.0   323.3   349.0   392.7   588.9  1507.2  2348.6  39240.0    39037
read      326.1   332.2    68.9   132.8   151.7   258.5   302.3   327.8   347.3   374.2   419.9   778.0  1694.7  3567.0  7371.7 163796.0   163622
read      209.2   131.3    68.9   105.5   116.1   184.2   225.0   250.4   269.6   292.1   319.7   364.1   498.8  1672.6  2953.8 132476.7   132405
read      213.0   150.3    68.9   105.9   116.5   185.4   226.9   252.6   271.7   294.2   322.6   369.2   584.4  1762.2  5630.6 131372.3   131596
read      242.7   170.1    68.9   125.4   140.9   220.0   256.9   278.7   295.0   315.0   341.7   388.1   583.5  2626.3  4689.7 174504.7   174543
read      248.2   198.1    63.8   102.4   112.7   199.7   262.7   302.3   333.9   372.4   421.6   497.7  1009.7  2240.9  3646.6  90696.7    90567
read      233.7   203.3    63.8   104.5   115.0   188.9   235.9   265.6   287.4   314.0   352.3   450.7  1110.9  2513.3  4633.7 116347.7   116582
read      200.3   110.5    68.9   110.4   127.6   193.0   216.0   229.0   238.1   250.1   266.3   293.2   384.7  1121.6  4923.9  13865.0    13888
read      268.5   308.8    68.9   107.0   118.5   197.7   244.9   274.6   299.1   333.6   400.1   657.7  1526.3  3463.3  7542.3 118964.7   119224
read      227.9   175.8    68.9   112.5   125.1   197.4   236.4   260.9   278.5   299.9   328.5   376.8   995.3  2247.5  3626.9 156525.7   156471
read      231.2   161.5    68.9   116.9   130.6   205.1   243.4   266.6   283.9   304.9   333.5   381.5   710.2  2197.5  3633.1 163983.0   164013
read      243.3   139.3    68.9   103.5   115.5   227.3   274.0   299.7   318.4   341.1   370.2   418.2   637.6  1581.7  3094.4  41918.3    41909
read      290.8   361.5    68.9   111.1   123.8   212.3   261.0   288.6   309.9   337.2   380.3   653.9  1761.5  3662.9  7740.5 128001.7   128280
read      210.3   113.4    59.1   103.2   113.0   183.9   231.6   260.3   280.2   302.8   331.5   375.8   543.9  1318.4  2551.8 106911.7   107066
read      246.5   141.6    63.8   102.1   113.5   227.7   279.0   307.4   327.1   349.5   377.9   427.5   754.2  1637.3  2744.9  46014.7    46119
read      209.5   184.5    68.9   117.7   135.0   192.0   213.1   225.9   234.8   247.7   265.1   298.9   660.4  2629.6  7503.9  10193.0    10227
read      202.0    81.8    74.4   116.3   133.4   193.4   215.8   228.6   237.4   249.5   265.5   292.0   454.2  1190.2  1541.0  10891.7    10870
read      311.2   383.8    68.9   116.9   132.2   226.1   270.4   296.1   316.8   344.6   395.3  1059.5  1792.9  3951.4  7776.8 146167.7   146664
read      214.5   121.2    68.9   105.9   121.7   204.0   230.7   246.0   257.1   270.6   289.6   321.0   549.2  1837.0  3235.3  19837.7    19865
read      222.8   208.7    63.8   102.6   112.7   184.3   230.5   258.6   278.0   300.6   330.0   382.2   975.6  2821.7  5816.3 113340.7   113409
read      231.8   193.2    63.8   100.1   110.2   202.1   253.4   278.4   296.0   317.5   347.1   408.8   890.0  2632.6  5175.6  70684.3    70623
read      247.1   355.9    63.8    99.0   109.6   221.8   273.9   304.3   325.4   349.6   379.8   427.8   733.1  1806.1 20902.4  52615.3    52633
read      229.8   197.2    63.8   102.1   112.1   188.0   240.1   271.8   294.9   322.9   362.3   433.8   899.1  2597.8  4654.1 104406.0   104630
read      252.3   644.5    63.8   100.1   111.6   223.3   271.3   297.5   315.9   336.8   363.1   403.9   778.9  1899.9 37333.3  42402.7    42594
read      264.5   238.0    63.8   102.1   112.8   204.9   273.8   323.1   359.3   397.7   443.7   520.9  1314.7  2720.8  4730.1  95231.3    95196
read      244.7   241.3    68.9    98.4   109.1   221.0   273.8   304.0   324.7   348.6   378.0   427.1   685.3  2141.3 11686.1  52077.0    52243
read      235.3   119.8    63.8   100.5   112.5   222.6   268.0   291.4   308.0   326.7   350.7   392.0   644.3  1365.3  1991.1  37071.0    37031
read      235.1   126.0    68.9    99.6   111.3   221.8   268.8   294.0   311.4   331.1   356.2   395.9   584.8  1282.9  2709.0  40086.3    39878
read      239.2   213.2    68.9   102.6   113.0   189.9   240.9   272.9   297.1   328.8   377.8   486.4  1123.6  2604.9  4006.4 110801.7   110750
read      193.5   223.8    68.9   112.5   127.3   179.5   199.3   211.6   220.1   230.9   245.6   272.8   405.5  1684.0 11223.1   8308.7     8231
read      246.0   183.8    63.8    98.9   109.0   214.6   269.4   300.4   324.1   353.1   390.5   450.7   977.8  2138.9  3220.5  63822.0    63638
read      263.6   231.4    63.8   100.7   111.4   206.5   274.3   319.4   353.0   391.6   440.2   527.9  1237.9  2613.9  3868.8  90056.0    90167
read      241.5   145.0    59.1    98.5   109.5   221.4   273.1   302.8   323.1   346.4   376.4   425.3   717.9  1743.5  3095.7  50467.7    50555
read      207.1    93.4    68.9   107.5   125.1   200.5   226.7   240.9   251.7   264.7   281.0   309.4   396.4  1171.7  2232.4  16048.3    15997
read      238.1   143.1    68.9    99.8   111.1   221.3   267.1   292.3   311.1   333.1   361.5   407.2   702.8  1824.4  3035.8  43069.3    43089
read      200.8    89.3    68.9   111.2   128.5   193.3   217.3   230.1   239.2   250.9   267.4   294.3   391.2  1190.3  2011.0  12281.0    12188
read      249.1   172.0    68.9    99.0   109.3   212.7   278.6   317.8   345.7   377.9   417.1   478.0   855.5  1760.6  4815.3  76654.3    76615
read      247.5   273.0    68.9   109.4   121.3   198.0   240.0   265.4   284.2   307.7   340.1   410.8  1476.8  3479.1  7118.1 143271.0   143480
read      240.5   156.2    68.9    98.9   109.3   215.7   270.0   300.9   323.7   350.2   385.1   438.7   779.8  1818.1  2879.6  63945.0    63793
read      250.6   196.5    63.8    98.6   109.1   211.5   272.6   308.2   334.6   365.8   404.1   468.5  1071.0  2207.0  2879.7  72099.3    71996
read      240.2   135.6    68.9   100.0   111.7   224.1   271.5   297.9   315.6   336.5   362.9   403.5   698.2  1648.0  2477.0  41596.3    41778
read      220.6   203.6    63.8   104.5   119.0   209.7   240.6   257.5   269.6   284.1   302.7   333.9   473.9  1354.2  9073.2  21914.3    21860
read      240.3   155.0    63.8    98.8   109.8   221.1   269.9   296.3   315.3   337.3   365.3   409.8   750.6  1864.5  3585.0  45498.0    45582
read      263.9   257.4    59.1   100.7   111.2   210.5   274.5   315.3   345.9   382.2   428.2   506.8  1380.0  2588.6  8833.6  81742.3    81972
read      251.4   287.1    59.1   101.4   113.0   227.9   276.7   303.5   321.9   343.5   372.0   424.0   841.9  2159.5 17944.7  42722.3    42852
read      251.9   179.7    63.8   101.5   112.5   227.0   280.9   312.2   334.5   360.2   392.7   445.2   849.0  1942.0  4889.3  51904.3    51852
read      242.8   229.4    63.8   103.0   113.5   191.2   242.8   275.0   300.7   334.3   386.6   496.8  1232.4  2797.8  6261.6 109465.0   109368
read      239.6   200.5    68.9    98.3   108.4   214.0   261.4   288.0   308.3   333.4   367.1   423.2   863.3  2770.8  5870.2  56010.0    55794
read      230.1   110.4    63.8    99.6   112.0   220.0   263.1   285.6   301.4   319.3   342.9   380.7   517.2  1147.1  2018.4  35368.0    35534
read      251.2   225.4    63.8    99.7   110.2   199.4   263.8   305.9   338.9   377.3   424.9   503.9  1059.3  2525.5  8131.9  90684.3    90576
read      259.0   244.8    63.8   100.3   110.9   199.0   264.2   310.3   345.3   385.7   434.1   514.1  1313.2  2947.8  5299.0  95047.3    95085
read      226.2   169.9    63.8   100.6   110.5   186.5   240.5   272.6   295.9   324.8   366.8   441.8   791.4  2124.7  3695.1  99839.0   100029
read      245.1   171.8    63.8    97.7   107.6   211.0   272.9   309.9   336.4   366.7   403.2   463.4   898.0  1891.9  2974.3  72505.0    72551
read      259.1   225.0    63.8    99.8   110.3   207.6   277.4   322.4   354.0   388.9   429.9   494.1  1230.4  2620.7  3702.9  84679.3    84629
read      250.3   191.7    63.8    98.1   108.1   211.4   275.1   313.3   340.4   370.9   409.3   470.4  1021.6  2154.6  4273.9  74247.3    74136
read      262.0   337.3    68.9   107.1   118.8   197.7   241.6   267.4   286.6   310.4   344.5   436.2  1611.9  4136.7  7707.3 130734.0   130756
read      239.8   143.6    59.1    98.5   108.6   212.6   271.8   305.5   330.4   359.8   395.9   452.6   704.4  1543.1  1880.6  69970.0    69916
read      250.0   172.0    63.8    98.5   108.9   216.6   281.3   319.5   346.1   376.2   413.1   470.1   851.0  1872.0  4024.8  72068.3    72019
read      251.2   166.8    63.8    99.2   109.7   212.5   281.5   324.1   353.7   386.3   425.9   488.3   863.5  1716.2  2187.1  78014.3    78070
read      231.3   173.4    68.9   102.2   112.3   190.8   245.6   279.2   304.4   335.7   380.2   458.2   725.4  2183.7  4134.8  99747.7    99548
read      236.9   135.6    63.8   100.5   113.0   223.4   268.6   292.6   309.6   329.0   353.7   393.1   584.6  1651.4  3773.4  36552.7    36393
read      273.0   260.8    68.9   126.1   142.6   232.8   274.3   298.0   316.1   338.8   370.2   432.8  1427.4  3467.4  7082.4 172109.3   172591
read      185.3    96.8    63.8   110.1   124.8   177.3   196.2   207.2   215.3   225.7   238.7   265.2   350.6  1325.7  2346.7   8315.3     8325
read      256.3   203.3    59.1    98.7   109.3   214.0   277.8   316.0   343.9   376.8   418.7   490.6  1122.9  2273.8  3397.9  73247.7    73684
read      246.4   150.6    63.8    98.8   110.1   224.8   278.3   309.1   330.0   353.3   382.4   430.4   770.5  1768.2  3136.0  48717.3    48420
read      185.0   129.0    68.9   110.9   124.7   174.6   193.1   203.8   212.5   222.4   235.2   262.0   400.3  1246.3  7247.4   6782.3     6828
read      237.2   244.2    68.9   103.3   114.0   188.9   234.5   262.8   283.3   308.1   343.0   426.6  1261.6  3082.9  6122.7 118286.0   118747
read      179.9    80.8    68.9   108.8   121.9   172.5   190.8   201.0   209.5   218.5   232.6   257.3   348.9  1068.4  2015.5   7137.3     7123
read      256.9   226.6    63.8   126.0   142.2   227.3   266.6   289.1   305.9   326.3   355.4   404.3   840.4  3403.5  3757.0 175073.3   175577
read      214.6   133.4    68.9   108.6   120.1   189.9   229.4   253.7   272.1   294.0   321.5   368.4   546.8  1891.8  3061.1 147623.7   147498
read      229.1   116.7    63.8   100.1   112.3   217.6   258.7   281.1   296.7   315.2   338.9   376.1   597.0  1492.5  2492.8  35876.7    35814
read      247.3   175.1    63.8    97.9   108.4   219.3   275.0   308.2   331.9   359.1   392.7   447.4   904.1  1968.3  3995.5  59321.3    59488
read      247.3   232.2    68.9   117.1   131.7   212.9   253.3   277.4   295.5   317.4   346.5   400.0  1160.7  3280.5  5273.0 167661.0   167483
read      241.5   180.2    63.8    99.8   110.1   198.5   259.5   297.1   326.0   361.1   404.6   473.1   927.3  2137.0  2919.5  88843.7    88988
read      189.0    78.3    68.9   109.9   126.2   182.2   202.7   214.9   223.6   233.2   247.6   271.3   375.4  1002.2  1498.5   9925.7     9869
read      232.6   208.3    63.8   102.7   113.2   188.6   237.5   268.2   290.8   318.5   360.8   449.7   945.2  2833.8  4660.0 111825.0   111786
read      246.0   197.4    63.8   100.9   111.2   198.9   260.7   299.6   329.6   366.3   413.0   485.3  1041.4  2351.8  3626.3  92965.7    92736
read      260.1   222.3    68.9   128.3   145.0   230.8   270.2   292.8   310.1   331.1   360.5   411.9   959.2  3331.8  6987.0 178926.0   178657
read      206.8   117.1    68.9   101.8   111.4   181.3   227.7   255.5   274.8   296.8   324.1   367.1   507.6  1486.3  2989.2 109041.7   108877
read      215.9   162.0    68.9   108.3   124.6   205.1   231.5   246.9   258.3   272.2   292.0   322.2   445.8  2046.6  6134.8  18939.7    19091
read      258.9   196.8    63.8    97.8   108.2   220.4   285.9   325.2   352.5   383.1   421.6   486.7  1083.8  2214.9  3382.2  65726.3    65772
read      272.4   264.9    63.8    99.7   110.4   214.2   286.0   331.7   363.8   398.5   442.4   522.0  1454.4  3065.2  7276.9  78819.3    79060
read      241.1   243.0    63.8   101.6   111.8   192.2   247.1   280.6   306.1   338.9   388.6   479.0  1026.6  3067.4  7672.9 100182.0    99953
read      239.3   201.7    63.8   103.5   117.8   213.4   248.9   269.5   285.0   303.7   330.7   381.3  1055.4  2978.8  5849.3  24335.7    24354
read      318.7   462.4    68.9   116.5   132.0   230.7   275.4   301.4   320.8   347.0   391.3   588.6  3057.1  4677.3  7988.7 143967.7   144236
read      244.8   212.2    68.9   120.2   135.2   215.8   255.5   278.7   296.0   317.2   345.6   396.8   730.2  3131.1  6409.1 167972.0   168093
read      235.8   292.8    68.9   105.0   119.9   208.8   239.6   258.0   271.6   288.8   313.2   359.3   903.5  3637.7 11702.6  22018.3    22028
read      277.3   281.9    63.8    99.2   109.7   214.4   286.2   332.4   365.5   401.8   449.9   545.4  1467.3  3605.3  7582.1  77507.3    77499
read      256.1   323.0    63.8   105.8   117.1   195.7   242.8   269.9   289.7   313.9   347.3   428.7  1579.1  3992.0  7593.0 128086.7   128271
read      206.6   116.6    63.8   103.0   113.1   180.8   223.1   249.5   269.1   291.9   320.0   365.5   557.9  1449.5  2679.4 126427.0   126673
read      240.8   144.7    63.8    98.3   109.4   222.8   272.4   300.0   319.2   342.2   371.4   421.3   660.8  1662.5  2917.0  43754.3    43605
read      236.9   191.3    63.8   102.2   112.5   190.7   245.0   279.0   305.4   339.7   391.6   487.6   911.1  2270.1  3871.8 103206.0   103217
read      256.6   205.6    63.8   101.2   111.7   201.7   271.1   319.5   356.8   397.0   444.5   522.7  1091.3  2142.6  3543.8  93500.7    93706
read      226.0   100.1    63.8   103.0   118.0   217.3   254.0   274.0   288.4   304.9   325.8   363.3   481.2  1217.4  1611.4  23205.7    23247
read      268.7   270.3    63.8    99.0   109.6   213.6   284.5   329.0   360.4   394.8   436.7   512.0  1292.8  3457.4  7755.9  77527.7    77378
read      197.6   118.3    68.9   111.1   127.3   187.9   211.3   224.5   234.1   246.9   263.3   290.5   400.9  1180.1  5791.0  10537.0    10495
read      197.2   111.8    63.8   103.3   113.4   177.2   216.5   241.7   261.0   282.4   308.0   343.5   423.0   695.3  2465.4 134661.0   134841
read      199.7   113.1    63.8   101.4   111.0   176.3   219.5   247.0   266.5   287.7   313.0   351.0   464.0  1074.8  3339.3 120427.3   120602
read      204.1    73.3    63.8   103.2   114.7   207.0   234.4   248.4   258.1   269.8   285.2   309.6   366.2   466.9  2033.2  37228.0    36975
read      201.1   136.6    63.8   107.7   118.6   183.0   218.8   241.7   259.6   280.6   307.0   344.7   427.6   639.9  2468.3 151709.3   151323
read      197.6    81.6    63.8   100.3   109.9   178.2   225.7   253.2   270.8   289.6   311.6   343.4   415.5   538.3   794.9 105433.7   105217
read      197.5    89.2    63.8   100.0   109.9   176.9   222.9   250.7   269.0   288.6   311.5   344.0   422.2   612.4  2674.9 110716.3   110653
read      197.7    93.0    63.8   102.7   112.7   178.2   219.2   245.5   264.7   285.7   310.3   344.5   422.9   580.1   885.5 127718.7   127593
read      202.9    87.0    63.8   100.7   110.6   183.4   230.6   257.4   274.7   294.5   319.2   360.3   451.0   591.3  1002.5 101010.0   101096
read      203.1    92.7    68.9   109.8   120.8   185.4   220.9   243.3   260.6   281.2   307.3   345.4   435.5   784.5  2095.7 158591.0   158958
read      199.2   103.5    63.8   104.1   114.4   179.0   218.3   243.8   263.1   284.9   310.8   346.8   429.3   686.3  2882.5 136487.3   136541
read      205.2    78.5    68.9   112.0   124.0   189.4   224.3   245.8   262.4   282.4   308.3   345.6   429.7   667.1  1033.7 165213.3   164999
read      206.4    90.5    63.8   112.2   124.2   190.0   224.8   246.1   262.8   282.7   308.6   346.8   434.2   802.3  2479.8 165080.0   164911
read      199.4    81.8    63.8    98.9   108.4   182.4   233.5   258.8   274.0   291.1   312.0   342.3   405.7   509.6  1267.0  87967.0    87904
read      206.9    77.3    68.9   112.9   125.6   192.3   226.7   247.5   263.5   282.6   307.6   345.0   429.0   740.3  1054.2 169702.3   169356
read      203.9    88.0    63.8    99.4   109.5   196.4   242.4   262.3   274.6   289.2   306.8   334.3   396.7   508.2  2676.2  67723.3    67870
read      206.9    90.3    68.9   112.7   125.0   191.3   225.8   247.1   263.5   283.1   308.7   345.9   431.9   727.2  2395.7 167205.7   167602
read      208.8    82.2    63.8   114.1   126.9   193.6   227.8   248.7   264.8   284.1   309.6   347.2   435.7   801.3  1465.3 170568.3   170450
read      203.7   130.9    63.8    99.1   109.1   192.6   240.6   261.5   274.5   289.9   308.9   338.5   403.8   517.1  6988.6  73017.7    72942
read      188.8    80.4    74.4   112.3   127.9   187.1   205.6   215.6   223.0   231.5   243.4   263.8   313.7   473.5  3138.0  13933.3    13873
read      203.1    69.3    63.8   101.7   112.2   206.3   237.1   251.7   262.0   273.1   289.3   313.9   368.1   456.5  1138.4  45227.3    45295
read      201.9    82.2    68.9   109.5   120.4   184.7   220.5   243.0   260.4   280.9   307.0   344.6   427.9   660.9  2008.0 157494.0   157697
read      195.9    96.8    63.8   100.4   110.0   174.8   218.8   246.6   265.8   286.2   309.6   342.3   415.3   601.7  2952.4 116979.7   117232
read      198.1    82.8    63.8   100.1   109.7   178.8   227.4   254.8   271.8   290.0   311.5   343.0   412.9   552.6   847.0 100926.7   101152
read      205.2    73.6    63.8   101.7   112.2   206.6   241.1   257.0   268.0   280.4   295.8   320.0   379.2   479.0  1299.0  50316.7    50333
read      198.0    80.9    63.8   104.4   114.6   178.9   217.7   242.9   262.1   283.9   309.9   345.4   424.1   609.1  1179.0 136195.3   136447
read      204.6    88.4    63.8   110.2   121.5   186.9   223.1   245.5   262.8   283.5   310.0   347.8   439.7   733.4  2659.1 158485.3   158298
read      204.5    84.5    63.8   100.2   110.2   196.7   243.0   262.7   275.1   290.1   308.4   336.3   399.1   507.7  1830.6  69246.7    69328
read      210.5   116.0    68.9   113.4   126.1   193.7   229.2   251.0   267.8   288.1   313.9   354.0   446.5   809.0  2427.9 164189.3   164566
read      206.5    92.3    63.8   100.0   110.1   196.3   244.2   265.3   278.8   293.8   313.4   343.1   419.1   706.2  3048.1  70748.0    70740
read      197.3    82.4    63.8    99.8   109.4   177.5   224.7   252.3   270.1   289.5   312.5   345.2   420.5   547.4   791.9 106599.0   106915
read      196.2    83.4    63.8   102.5   112.2   176.3   217.5   244.3   263.8   284.9   309.5   343.3   414.6   554.9  1370.7 126546.3   126425
read      201.1    90.3    63.8    98.8   108.5   187.4   237.8   260.0   273.7   289.5   308.6   337.2   400.6   522.8  2492.3  78804.0    79083
read      196.6    79.4    63.8   104.4   114.8   178.5   215.9   239.8   258.4   279.4   305.2   341.5   419.3   626.2  1006.2 143410.0   143445
read      206.2    82.6    68.9   111.9   124.0   190.3   225.1   246.6   263.1   282.7   308.2   345.7   434.5   803.5  1160.4 164855.7   165502
read      206.9    76.2    63.8   103.1   114.5   209.4   238.7   253.3   264.1   275.3   291.9   316.4   371.9   508.3  2643.4  40724.3    40820
read      199.5    67.1    68.9   107.2   120.6   200.6   223.5   234.7   243.9   253.7   268.3   290.6   344.7   482.3  2279.8  25150.3    25097
read      203.8   167.7    68.9   106.3   119.1   203.5   226.9   238.8   247.9   258.1   271.6   293.9   345.5   508.8 10902.7  26798.3    26808
read      202.9    79.9    63.8    99.4   109.2   192.3   241.2   262.5   275.6   291.0   310.1   338.7   402.9   502.6   677.7  72813.0    72990
read      200.9   344.2    63.8   100.5   110.3   176.6   221.1   248.6   267.3   287.2   310.4   343.4   416.5   587.8 26498.1 114001.7   113963
read      198.7    83.9    63.8    99.2   109.0   179.6   229.5   256.6   273.3   291.8   313.6   345.3   417.3   527.8   644.8  97156.7    97475
read      204.9   422.1    68.9   110.5   125.3   194.6   215.0   226.0   233.2   243.0   254.7   275.3   329.8  1167.6 20609.5  18613.0    18649
read      201.0    91.4    63.8   107.3   118.3   182.7   219.4   242.7   260.8   282.0   308.2   345.3   428.7   685.7  3064.1 149770.3   150293
read      196.1    84.6    63.8   101.0   110.6   176.0   219.0   246.3   265.5   286.0   310.0   343.8   420.2   587.7  1027.5 119295.7   119407
read      202.0    86.2    63.8    99.4   109.3   188.6   239.1   261.7   275.6   291.2   310.4   339.7   404.7   519.5  1503.8  79813.3    79895
read      199.1    86.3    63.8   104.6   115.0   179.7   218.5   243.8   263.0   284.5   310.6   346.7   432.8   651.4  1560.7 138027.7   137569
read      196.8    90.6    63.8    99.8   109.4   175.9   222.4   250.1   268.4   287.9   310.7   343.5   421.3   612.1  2846.7 109694.7   109784
read      205.0    85.0    68.9   101.0   111.3   205.6   241.1   257.4   268.3   280.9   296.5   321.5   379.5   470.3  1958.4  51861.0    52195

